3.721944321285378804e-02
5.474095303309395831e-03
2.700202893054063844e-02
3.798395344965253134e-02
-1.123820737591252686e-02
4.278542318638614561e-02
3.175446306866461232e-02
-1.012114097223398151e-02
5.746985702509368327e-02
8.081517590139858376e-02
4.781567183628884776e-02
7.184023860856651733e-02
1.152039272218228910e-01
1.232174141337614576e-01
1.807951331546321649e-01
1.724206270088304571e-01
1.091386135028091092e-01
1.857975598430259764e-02
-5.649608530569492221e-02
-1.064293304577670074e-01
-1.522332885846354733e-01
-1.417225744462163595e-01
-6.866207105969635016e-02
-4.137872802370972519e-02
-5.085104017217906280e-02
-8.834942403074731720e-02
-9.258960126928388046e-02
-6.210090001262427023e-02
-1.172260752469426494e-02
2.176203365946627333e-02
6.479783430163473662e-03
-4.245002630910806735e-02
-9.031130591467248503e-02
-7.259747395509556778e-02
-3.017753947969172967e-03
-1.637734619675492624e-03
-1.324082801022987213e-02
-1.040511400487552536e-02
1.892961296099541363e-02
-1.357988733300497138e-02
-6.629460113929231714e-03
-2.064613604272727207e-02
5.085857497302656571e-02
3.152367554932294924e-02
-3.429741495828995089e-03
2.646412449189924909e-02
5.240576361815599965e-02
3.719502331330948753e-03
3.495728990571823208e-02
7.872983284732804066e-02
6.601379283425229394e-02
8.380889100059960017e-02
1.094661213274668587e-01
1.331179851251984847e-01
1.824723782498731406e-01
1.915554540704202391e-01
1.271644128582032629e-01
3.198542098365064063e-02
-4.044049367805826328e-02
-8.718746793137918671e-02
-1.307159719627482009e-01
-1.323577673388229292e-01
-5.786787164922958804e-02
-2.968612259804168096e-02
-4.527846162559910626e-02
-6.794797778952189893e-02
-6.492648421477162368e-02
-5.223241327212151119e-02
-1.574611497950518385e-02
3.926291785039810744e-02
3.107329327197931243e-02
-2.383586603125254985e-02
-8.691097971078366735e-02
-8.091253152915561797e-02
-8.858010606442043647e-03
-5.765107515443837136e-03
-1.455206386608920432e-02
9.696372403382100269e-03
1.547633245011342459e-02
-2.070321087749897940e-02
-2.921086145124723258e-03
-2.549335824940714493e-02
4.912842658443749427e-02
1.877286223139058852e-02
-2.635344164698429081e-02
1.923776935909305916e-02
4.311117423974354657e-02
-1.675392567550175417e-03
2.626620624408857255e-02
6.706008728542500741e-02
5.494009960258183084e-02
7.456259447833828158e-02
9.090146561736889286e-02
1.186787154920126014e-01
1.557202342149790197e-01
1.822689150648179046e-01
1.281760955570972749e-01
2.720039499481783848e-02
-2.737819776540976330e-02
-8.866668016652826112e-02
-1.274311010782746834e-01
-1.330321220165840701e-01
-8.240448826592491893e-02
-5.666885915642446564e-02
-6.833038182407573380e-02
-7.931787260089692704e-02
-7.339667422420734222e-02
-6.652559857814233091e-02
-3.305470198713361674e-02
1.930058455198537665e-02
1.984089717596541555e-02
-4.260693678857527256e-02
-8.618790170767648418e-02
-8.441799317644603506e-02
-2.119235430576501232e-03
-1.156853948969129367e-02
-1.414565007117432605e-02
2.861143970640140505e-02
3.128776097855293786e-02
-2.223521781231992470e-02
-1.430623801945917623e-02
-8.931155838192121263e-03
4.807365997451262807e-02
-1.077019441034360488e-02
-2.502940884744831243e-02
2.879693307727436077e-02
5.431883796347865279e-02
5.043000423492738880e-04
3.872616709258780432e-02
5.556890600951033127e-02
4.928154847071202632e-02
6.848693646279391256e-02
8.301815901475043113e-02
1.087571617357284415e-01
1.329985271944310321e-01
1.662389118678681832e-01
1.229362729751867084e-01
4.395185380583987306e-02
-2.770453468124951801e-02
-7.394928431521001488e-02
-1.207320708683182475e-01
-1.181368987292066991e-01
-7.920412670443564840e-02
-4.842106671533259743e-02
-7.072513380869992206e-02
-7.768120447009585483e-02
-8.232258310551113234e-02
-6.863814636758487631e-02
-3.277730478551152404e-02
9.912943924556640030e-03
3.619094648201913803e-03
-5.275728581074461826e-02
-9.551674565598344824e-02
-1.068695271980382305e-01
-2.300670958340425912e-02
-2.087912798932877942e-02
-2.995446995028449438e-02
-9.352310914358083135e-03
2.493795132644151605e-02
-1.898783296575637380e-02
-1.807944976234845610e-02
5.219289531423673516e-03
3.502854946445407153e-02
1.612553290695713237e-02
1.546642060567762940e-02
3.198696752560295509e-02
2.688006096707558357e-02
2.044465238888576106e-02
3.153771906740391456e-02
5.798043066532121426e-02
4.560084827575087985e-02
4.888190254599383833e-02
7.431988188742358337e-02
9.265080276060545794e-02
1.232863529070288011e-01
1.465966745207759325e-01
1.272471656976378596e-01
7.485693204761943720e-02
-3.715586330194253339e-03
-5.694927823044556442e-02
-9.973846225159575807e-02
-9.466138921632095971e-02
-5.363100212239273190e-02
-3.979219351378877889e-02
-5.030058571715084054e-02
-5.658984792543854392e-02
-6.181379600175627292e-02
-4.926506170353030928e-02
-1.215642909658390218e-02
2.617095608316456073e-02
1.597438357980062243e-02
-3.471601830771715858e-02
-8.851438680324232033e-02
-7.375872253008997070e-02
-1.065270879534978288e-02
-3.110783916491374410e-02
-1.350129845163695365e-02
-7.588481778713967660e-03
-8.068503635967998189e-03
-2.925564332101035763e-03
