1.306718791304135353e-02
-3.323427937549466166e-02
-3.010239303533896599e-02
-2.986272740787581856e-02
-3.390221796765854369e-03
-2.727318446361038165e-02
6.253577803469762691e-03
5.843703161158449871e-03
3.970774424396282531e-02
4.880189412341495725e-02
4.322673160795841713e-02
7.141818705192108652e-02
9.885876373995740318e-02
9.786621265390749169e-02
1.097337385190392256e-01
1.037655315430384834e-01
-2.618360672676977793e-02
-1.473629422333545269e-01
-1.905989876444486308e-01
-1.868745750699352948e-01
-1.333287237847851914e-01
-7.469941415154300601e-02
-9.851319989699333646e-02
-1.500016893452701949e-01
-1.465888929046531841e-01
-9.777170096830044288e-02
-2.872351023288849739e-02
-1.659122006131803773e-02
-9.964445953476251672e-03
-1.872145694241001551e-02
-3.709851331253914697e-02
-2.641515715807224787e-02
-2.728456620047089998e-02
-1.518110648575923122e-02
-3.391086594897784606e-02
-2.868453579673625048e-02
-4.418574403082928259e-02
-1.057138099942863535e-01
-7.820342012945882826e-02
-7.613029932189800675e-02
3.337990021808733693e-02
-2.798416530232976027e-02
2.505784715956404021e-03
2.361868800973324425e-02
-3.097287594828493362e-02
-1.960946839810798030e-03
3.810028543946194536e-03
9.604782245127826967e-03
3.228991851334499924e-02
4.960747562022198298e-02
4.326510498550604350e-02
8.080634654577564802e-02
1.117074544263539221e-01
1.025222391167447122e-01
1.120168546928523162e-01
1.086753633059297369e-01
-1.363156322338306657e-02
-1.347215440006776510e-01
-1.738092879868504970e-01
-1.646680931239456747e-01
-1.161951779908893118e-01
-6.330800823196137961e-02
-8.717806790716951804e-02
-1.297314400654101252e-01
-1.316439950474445897e-01
-6.228076121270934712e-02
1.768432486629611293e-03
-2.408685175283195763e-03
-4.869712814255595240e-03
-8.699146414573033503e-03
-2.364257259447027568e-02
-1.430476417140699036e-02
-7.637474010073481111e-03
4.991473274553247935e-03
1.889229227564641692e-02
2.812228200924572936e-03
-1.673707429050657475e-02
-8.821348260037406575e-02
-5.753831636449260878e-02
-4.244780900407633256e-02
4.364906368875468706e-02
-1.760233259507359635e-02
-1.971935367337857015e-02
-1.554475936968693038e-02
-1.414965536285534529e-02
-2.809806005962437250e-02
-1.768487998326746455e-02
5.026742676162178174e-03
3.454399082938491850e-02
4.743406759321639604e-02
4.911537195806986444e-02
7.943131802474075187e-02
8.693961255054397097e-02
9.083951960465258546e-02
1.150521412399789500e-01
1.099308113490078398e-01
-5.704375226215485824e-03
-1.237007985103103780e-01
-1.466276870095152840e-01
-1.482787398869914453e-01
-1.053743526270693037e-01
-6.383388737461297147e-02
-9.543838496941747795e-02
-1.348200061750665091e-01
-1.192414517365545101e-01
-5.169379368792587082e-02
4.459090036658180586e-03
-1.345609939817139257e-04
-4.292596795055531045e-03
-1.987574640662207598e-02
-3.343969385367397129e-02
-2.736866393174192807e-02
-1.535684717256240867e-02
3.333967499371423733e-03
2.326540530532404324e-02
3.676077601947111331e-03
-3.321677586957239720e-02
-7.873633503163438019e-02
-5.380983607070739805e-02
-3.485627973931419016e-02
4.202150657517822463e-02
-1.501351282771638297e-02
-8.965164636895750841e-03
3.822914142026995806e-03
-1.791187882482968632e-02
-3.144681444161605277e-02
-2.386591087433228772e-02
1.542056016465259520e-02
4.710317038407312723e-02
6.145781851080530517e-02
6.892021917338410353e-02
7.673443033532086066e-02
1.069792647215624531e-01
9.542222527757683592e-02
1.179977759290711109e-01
1.330008634563605852e-01
1.512950898502811968e-02
-8.843190807319636915e-02
-1.370828524661436287e-01
-1.302643609265797531e-01
-7.576352450134395122e-02
-5.570414236623306287e-02
-9.086174505933979073e-02
-1.240228536345626548e-01
-1.122287733719945918e-01
-5.046906050063516835e-02
1.317115152061249872e-03
-5.006733996754175048e-03
4.129380427171148484e-03
-1.538951163884407294e-02
-2.400999226685866794e-02
-1.889941430804973829e-02
-2.124201347344212287e-02
-1.453416278768483900e-02
-1.894195031964357153e-04
1.432344355372184436e-02
-3.434172119627423858e-02
-7.537652036927790233e-02
-1.395946462777505545e-02
-1.464140973694629151e-02
2.145535347655910807e-02
-3.583983318254752720e-02
-2.796677277562309785e-02
2.519497488972242353e-03
-1.771571435032810032e-02
-2.428645198694462035e-03
4.929219004878203185e-03
2.620718082576896368e-02
7.144778485460109851e-02
7.875335965766376567e-02
7.203705320275277657e-02
9.793920142572325183e-02
1.166892920688202967e-01
1.101943900030239176e-01
1.322684519030195571e-01
1.443659005017046137e-01
3.750951091013075833e-02
-6.837626960081519267e-02
-1.032107545909877189e-01
-9.372050340905727084e-02
-3.961315140516058486e-02
-2.630839390534639097e-02
-5.943717842737004237e-02
-9.449777949837682989e-02
-8.608053647530911068e-02
-2.895938722214240479e-02
2.915143341403835658e-02
2.244657376074334770e-02
1.924969215516362381e-02
2.897267507813584397e-03
1.188148848610562228e-03
2.914805729433291026e-03
-7.279436476807886599e-04
1.554340386949808542e-02
2.480868498682995901e-02
2.669668413264925794e-02
-6.629079341001773221e-03
-6.425907998376512165e-02
-3.660351829371943921e-02
-6.405597718871928851e-03
