5.553882392200714530e-02
-2.408744226662421026e-03
1.057222304167729915e-02
4.947931307157624192e-02
-3.953778345332362165e-02
2.496725703184029740e-02
4.982390233503306703e-02
2.456751075867072247e-03
4.570327223940188338e-02
7.309893350931080669e-02
8.367975963392078331e-02
1.070108189383627839e-01
9.734957055165863182e-02
1.362895034828305041e-01
1.624451037505968698e-01
1.584129349387225494e-01
1.247634258822959002e-01
6.539608583522646401e-02
-1.452243653384812337e-02
-6.076947697952134186e-02
-8.267742440773380441e-02
-9.128867371981347345e-02
-1.002347081381607941e-01
-9.045575735774329107e-02
-6.959598431040017741e-02
-1.028822823606999060e-01
-1.037047537919393164e-01
-7.401770309619454258e-02
-1.180816959352902137e-02
2.562136967117949540e-02
-4.076012632134902967e-03
-6.709201473217685230e-02
-3.359468348908365570e-02
-3.694303117187645868e-02
-1.219796549070266585e-02
5.971818123521726446e-02
5.754085694680209639e-02
4.981957760687457520e-02
2.430156463990252105e-02
-1.081662724866510467e-02
1.838511928267987788e-02
-1.506653939061737037e-02
1.938307969333047040e-02
1.249173202408735903e-02
-8.195593422931659461e-03
2.732895160905311413e-02
4.003967839489964292e-02
-2.585613634584736382e-03
4.813789302088335165e-02
5.257220436252468820e-02
7.656811069809237036e-02
8.438458774053983480e-02
9.045377609460690527e-02
1.110106205547913977e-01
1.520155326821059916e-01
1.436485778786989742e-01
1.266185013189559116e-01
7.933309653300921194e-02
-1.510896575217746292e-02
-6.469510768224447095e-02
-9.559003591436733560e-02
-1.095465984925474701e-01
-1.007103852661063309e-01
-8.420624573407237135e-02
-7.001090830358047690e-02
-1.087605863292321756e-01
-1.046575980713436299e-01
-6.951377286943868916e-02
-1.735656164862059772e-02
1.078853924933322397e-02
-3.526491968282510769e-02
-8.166977630556493395e-02
-5.224831069805975503e-02
-8.041650220216080280e-02
-6.160467940981319279e-02
3.314876818369550532e-02
6.542562994814785093e-02
6.563493583173068968e-02
7.015254315872648805e-02
-6.275630159958058008e-03
5.151208374738292482e-03
-1.189048245653908341e-02
4.056293559017350864e-02
2.658568201878128145e-02
-4.197092744188148788e-02
3.720664742813882542e-02
6.051008425857361608e-03
-7.156523886391193655e-03
2.783818424571795139e-02
4.421266251531703884e-02
6.580075130473130030e-02
5.435745327950735478e-02
9.098489245898015720e-02
9.706617606871570381e-02
1.404797995322686621e-01
1.415238624421690794e-01
1.326913621076702132e-01
7.025174959813768050e-02
-1.569668494712467971e-02
-5.136430015043538105e-02
-9.154922926719828713e-02
-9.997043433826281744e-02
-1.023697497934164952e-01
-8.253888465689143694e-02
-5.095521337568832687e-02
-9.346254862394147434e-02
-1.253781372377738845e-01
-8.321461311644574865e-02
-1.669143673891934285e-02
6.704661447696663376e-03
-4.876976623849357123e-02
-9.157652968035588648e-02
-7.598468930445258229e-02
-7.663017911263944604e-02
-4.288139490539912696e-02
2.953259090820606336e-02
4.959868008623217334e-02
4.220293829586331535e-02
5.913056129591861415e-02
9.011395134772039184e-03
6.640001638495769036e-04
-5.158731496833288827e-02
3.277788460754025440e-02
8.224552348088470799e-03
-5.559755876343924763e-02
2.394736535611697442e-02
-1.103516368679015661e-02
-2.060720578578843082e-02
2.751627573201724519e-02
4.286207355988740086e-02
6.899499006185648431e-02
3.822702958529265727e-02
7.913637527153891127e-02
7.555123836082124067e-02
1.352465086411152873e-01
1.555097128454773214e-01
1.263413044623841464e-01
7.624728335188893369e-02
2.484493435747650147e-03
-4.116690116368019320e-02
-8.325718178261135027e-02
-1.040881212710513121e-01
-9.177722087316013411e-02
-7.589645669199956979e-02
-6.065425083846084919e-02
-8.158200712071231320e-02
-9.220929699341921804e-02
-6.115084063510270451e-02
1.381255468953448279e-02
1.438568311930241150e-02
-2.215749872952721411e-02
-8.167436721593177018e-02
-6.331852717656027973e-02
-2.539432680382180604e-02
-3.508048958326123734e-02
2.454075747909949604e-02
7.398226652556369465e-02
6.679158198137612190e-02
7.381385022198037882e-02
2.562047033113001165e-02
-3.185749205319469979e-02
-7.467915929737467540e-02
1.487382209888194612e-02
6.757236417792322238e-03
-7.055095755904187971e-02
1.571210709694818158e-02
-1.723273926147824656e-03
-1.372204367300264120e-02
4.510488643861578634e-02
3.907124963569616471e-02
8.909922945919243609e-02
4.249784862750783515e-02
7.211148040834892969e-02
5.927535371250906848e-02
1.230799294347478534e-01
1.415255762837382969e-01
1.565155786993410736e-01
1.129165011603307650e-01
6.922950576382634960e-03
-3.628284304770706264e-02
-6.998682590896786182e-02
-9.946033123243704088e-02
-7.524264165712231389e-02
-5.516852385892694749e-02
-6.518288592566388873e-02
-7.759428173833875231e-02
-7.021828672650587411e-02
-4.393619476173062088e-02
3.167117678819878455e-03
6.717971839671307843e-03
-1.385719297229601014e-02
-6.347383351146619612e-02
-4.531391048298830104e-02
-3.981013114711172418e-02
-4.469457353794513421e-02
1.315209194800212415e-02
6.876279629141497651e-02
7.677136478540332043e-02
8.376301218461283671e-02
2.508243337853855240e-02
