4.634713672835086978e-02
2.719228927036312568e-02
6.171621689567030611e-02
6.449769907716818018e-02
6.132909207135146812e-02
5.941587986967895169e-02
6.722838756100765756e-02
5.386550591266018456e-02
5.761747819389111819e-02
8.648200574909388483e-02
1.263005192068743510e-01
1.517370078296678970e-01
2.006251962881992756e-01
2.314249890642861296e-01
1.881025139104697264e-01
7.049616767933489236e-02
-1.923080064713358905e-02
-7.675565727864483434e-02
-8.584661428929829530e-02
-5.111553767101065238e-02
-1.123048554009102237e-02
-7.626001009735985763e-03
-2.920707376711317860e-02
-8.389117754515916514e-02
-5.733277988681802911e-02
-2.190362842191692985e-02
-1.793943166418054957e-02
2.704303192694207381e-02
4.115960857998277045e-02
-4.399185665978504189e-02
-9.356895034542934975e-02
-6.484124111543675129e-02
-5.219852249670214189e-02
-2.322215488595079022e-02
7.532255788330068612e-03
2.018401669650711147e-02
-1.606233625545748847e-02
-2.671451917895970377e-02
-7.032804118809164728e-02
-5.413166623780649861e-02
5.110553604499471630e-02
-8.356663718736999022e-03
3.577565767622608445e-02
3.742655471487536106e-02
5.456590350672533424e-02
2.910352541564732026e-02
3.478986998342909615e-02
2.921193267437802860e-02
3.539893550553037394e-02
6.536634371192612258e-02
1.109178171927554246e-01
1.414627933114958880e-01
1.571171349361525083e-01
1.847148776846254392e-01
1.598142391133450524e-01
6.599544658081482607e-02
-3.446372452947258497e-02
-9.056727049655297068e-02
-1.101942446273448950e-01
-6.642922861105846066e-02
-1.879131740469385664e-02
-2.504007247912033024e-02
-3.584146570945533072e-02
-8.942696115536127865e-02
-6.806169126506121658e-02
-4.505544193186761248e-02
-3.938404269244771133e-02
5.292255924132537037e-03
2.127735488004427189e-02
-6.669625899324556351e-02
-1.057365990737272610e-01
-7.968160528889696448e-02
-4.774450023074105348e-02
-2.594970637091499957e-02
8.718555391289160156e-03
1.996074790093756157e-02
-2.857305704748802633e-02
-1.877557270068934414e-02
-5.727114654869359250e-02
-4.508431904744966690e-02
3.479619611607475543e-02
-2.124910087107041018e-02
3.083356015776140407e-02
2.113533943095069825e-02
2.842269227569554912e-02
2.555968235259139729e-02
3.453558021339646344e-02
-1.016475651850496341e-02
3.825982943206705095e-02
5.321434004071486090e-02
8.691816612484180860e-02
1.105382360992274715e-01
1.539989984860637151e-01
1.677029794862505974e-01
1.423820171907930754e-01
6.025012035924773995e-02
-4.613630068270294093e-02
-1.120602016379300264e-01
-1.182569932412514541e-01
-7.354281105040580413e-02
-3.397803803177459198e-02
-2.774664300340414294e-02
-2.963027749894014268e-02
-7.771007034709180583e-02
-6.979122859474633234e-02
-3.656088996295674132e-02
-4.095907959456877162e-02
8.578989374176294522e-03
1.465009609438640802e-02
-7.968415078019432107e-02
-1.241786217288003147e-01
-9.760907110896475947e-02
-6.228926017110064661e-02
-4.643801794158904789e-02
8.075191566977796970e-03
1.031727395874464451e-02
-2.626765750202379734e-02
-2.311847042385391932e-02
-7.390044323301722673e-02
-6.423027171615904030e-02
3.737193907981422453e-02
-1.793947287027923207e-02
4.253019347088403401e-02
3.777762633181970531e-02
3.594238194033015383e-03
2.825214673602107970e-02
2.427041467533769259e-02
1.920836445278538418e-02
4.239264752019216570e-02
3.209644840681327715e-02
7.507440197751626132e-02
9.145267858930505867e-02
1.330441970171289123e-01
1.532994081463937008e-01
1.310571423843333305e-01
6.122973657507108092e-02
-5.353096969257401666e-02
-1.085051757057357152e-01
-9.135568573292462968e-02
-6.146130191035664714e-02
-3.518295891156530963e-02
-2.971443019278927414e-02
-2.977632175100100587e-02
-6.742914451916826035e-02
-6.487871652622496932e-02
-4.619102354039567038e-02
-4.115124281615149121e-02
-7.203565216943893720e-03
1.243708029064667826e-03
-6.714341431210148203e-02
-1.124468859895423611e-01
-7.536167111827797582e-02
-4.793125200614890141e-02
-4.526012393314048088e-02
8.405506183591080795e-04
-3.701462866292245819e-03
-3.036231881442462768e-02
-2.546786067797684669e-02
-6.972645558375412111e-02
-6.054540437294205629e-02
-6.502536930906628425e-03
-3.893966385466432478e-02
2.917441742479336478e-02
9.238065893093764039e-03
-1.677913177091738123e-02
2.485133246243870567e-02
2.479395540526976860e-02
1.661439280083067821e-02
4.325451495912197020e-02
3.653524717107856784e-02
6.267822747495652158e-02
8.765926569414594915e-02
1.190421915428642452e-01
1.391483838351207925e-01
1.248347210478100849e-01
5.178673855923249941e-02
-4.778932239617453281e-02
-1.118155552262354718e-01
-8.315752685070541828e-02
-5.158945751990343803e-02
-4.452863596840637289e-02
-3.237458222353356563e-02
-2.480041337777478400e-02
-5.860916868743583363e-02
-7.039868151908421079e-02
-4.918635743685645378e-02
-3.698008127917421645e-02
-9.944699177312934721e-03
-1.273459857267717106e-02
-7.840007265751278154e-02
-1.061127200130851378e-01
-7.297499915575789142e-02
-5.552088524298807309e-02
-3.250483970523964511e-02
-6.163358043423177671e-04
6.906785255309787555e-03
-2.926558957299870908e-02
-2.952180787158033282e-02
-6.684831965637388906e-02
-5.227427436230783903e-02
