6.097374268784318957e-02
4.437895743165382739e-02
3.446282307256741395e-02
2.294955005996633744e-03
5.251384089230217399e-03
3.168355254577494284e-02
2.081207346632522881e-02
3.575432764501619565e-02
3.332939441760706528e-02
-2.190789257875242271e-03
5.352267746822083477e-02
6.480718030511511962e-02
7.238892633247248631e-02
8.173481813346029912e-02
1.182999859917115149e-01
1.040637765457539249e-01
9.682205401487438412e-02
6.705610389797973803e-02
-1.193698746146154219e-02
-8.061228254365779278e-02
-1.092879205260536557e-01
-1.166412848197300317e-01
-9.049468899440489544e-02
-8.500801743367651653e-02
-6.553479231416706186e-02
-8.455809962314293771e-02
-1.207528926598818164e-01
-9.152766428397339504e-02
-7.794019696119398877e-02
-6.221127470797135905e-02
-6.012041332614809219e-02
-9.693653825816864189e-02
-1.172543275447532340e-01
-9.927730167743223366e-02
-9.707981140456763136e-02
-6.322681434990469473e-02
-2.934701316345812716e-02
-1.312416321311895596e-02
2.335309757465491368e-02
-2.846085187925720059e-03
4.770992532367054201e-02
4.843847965031628650e-02
1.611722030907352873e-02
-6.476317631163268883e-03
9.708747027103390922e-03
2.119657893841973145e-02
7.405595474026590609e-03
2.951525094308499186e-02
2.768971879833651700e-02
-1.499027432544246426e-02
4.400040095282017200e-02
5.004811049853750970e-02
5.535457667651447894e-02
8.351571606903841760e-02
1.177059489057095953e-01
9.670671993784282772e-02
1.079226343186944215e-01
5.741014089588338670e-02
-1.238483109146831795e-02
-8.710664607827685313e-02
-1.124486692827223744e-01
-1.123301846869853016e-01
-9.055343429876737404e-02
-8.405930422175911243e-02
-7.696698576871442710e-02
-8.825261794985446440e-02
-1.102624976149125108e-01
-9.990186344146909092e-02
-9.880168618399638725e-02
-7.505759663974842510e-02
-6.783067449678388539e-02
-1.205205824861187297e-01
-1.318135069860871533e-01
-1.167508973699894342e-01
-1.038641240622885376e-01
-7.123835244912726794e-02
-3.165557581389628894e-02
-2.422102470494041579e-02
-1.209987514768223575e-02
-8.085778644907639506e-03
3.492891668577351866e-02
2.203802828224998497e-02
7.104337521819737225e-03
-9.849624318882227447e-03
2.943029333320843974e-02
6.860428366000080082e-03
-7.054682763509013445e-03
1.853794047924133687e-02
1.946161832855806961e-02
-7.562353999609765579e-03
3.454283102764821312e-02
4.550494940499860003e-02
4.243982214512274226e-02
8.174150658632940714e-02
1.139518342506060794e-01
1.053178000893448540e-01
1.116237531285894646e-01
5.464632331067879184e-02
-9.227899956370202994e-03
-8.000083430381664529e-02
-1.005387486200683689e-01
-1.140661911285151958e-01
-1.021340142500669901e-01
-9.411365959845059692e-02
-8.603780875349652246e-02
-8.888204276355926581e-02
-1.048260716932043618e-01
-1.020358596236924237e-01
-1.007646116552148724e-01
-6.991657774467298359e-02
-6.554015379087409221e-02
-9.492392273378952305e-02
-1.294876999404692419e-01
-1.281369138913869832e-01
-1.072505825855915584e-01
-7.706183581800564453e-02
-2.919443822699496066e-02
-2.355401755715669579e-02
-7.212156008467832287e-03
-1.029642566641840971e-02
4.418950341207300569e-02
2.633236714188841310e-02
-7.604531765694497701e-03
-8.012212474698408513e-03
1.005030936397921862e-02
-1.219916902297275667e-03
-2.307473257669940755e-02
1.201683354757165575e-02
1.422455279650932693e-02
-2.001310449429055671e-02
3.653136045845180313e-02
5.792257485016306245e-02
5.202687076516197828e-02
9.211620206125469001e-02
1.054457247202655323e-01
1.008376846300854668e-01
1.038074714556689038e-01
6.276642922418779191e-02
1.500346515472432418e-02
-6.127533489279145956e-02
-9.058172072565762178e-02
-1.027390295287004124e-01
-1.012205038253936457e-01
-7.416506774790765366e-02
-7.510039434259424551e-02
-7.855512267880902788e-02
-8.899344378095967734e-02
-8.786030686374722565e-02
-8.204011740558235510e-02
-4.718322310945911174e-02
-4.822672021619885813e-02
-6.597584658241303912e-02
-1.151530242667027221e-01
-1.216452434018252121e-01
-9.549143381690822219e-02
-5.579675222481902952e-02
-7.739442645741420428e-03
-6.551522259565793066e-03
5.344635733657922098e-03
3.811904900031881996e-04
5.722684100696495690e-02
-1.706769648510783393e-03
-1.215704672249648052e-02
-1.035394194144918789e-02
3.128064463793153033e-02
-7.572785381247586732e-03
-1.929787600922282242e-02
3.015308653485479495e-02
2.939945372285690528e-02
-1.899575783230693371e-02
2.187232501578304650e-02
6.677439051799373415e-02
5.376406319568583642e-02
1.000094588439223442e-01
1.021633526907579637e-01
9.709670437761316886e-02
1.028749544905683405e-01
7.309002839804695784e-02
2.696422226006010142e-02
-4.308223283707627443e-02
-8.182563283787067099e-02
-9.737759815645385952e-02
-9.482800053710704891e-02
-7.435212044837340162e-02
-7.028429301561711640e-02
-6.816941408021345850e-02
-7.842434093588339372e-02
-8.649364991602520591e-02
-7.677446994999156948e-02
-4.477538727592413059e-02
-2.590770586876920203e-02
-4.854612260977755195e-02
-1.027032455851343146e-01
-1.195478344607102811e-01
-7.856011675515234272e-02
-3.716391261361868398e-02
5.387423523525989612e-03
6.967203148504906227e-03
1.858725002710932828e-02
2.662017324487276140e-02
