-8.318697520858939209e-02
8.355048558538559489e-03
6.475314330198314594e-02
3.135954388301846057e-02
4.037354955417005176e-02
4.512470563290722075e-02
6.149951974271408196e-03
-6.016287624804490808e-02
1.691030835772291616e-02
4.139600164936755450e-02
6.354658103716491480e-02
4.562668122878895532e-02
9.621748041896513448e-02
1.633680151206186593e-01
1.426754199238148002e-01
1.198709285065479302e-01
9.002450253424926219e-02
-1.745520543912038730e-02
-9.108392543763139948e-02
-1.299943347469344479e-01
-1.447946024524753572e-01
-1.041452606952434218e-01
-1.085767810582503046e-01
-1.052651175214117663e-01
-5.793021492674990669e-02
-7.289303933852321615e-02
-4.908003315659401761e-02
-2.345075387125034050e-02
8.423521601816551241e-03
3.535708608275987819e-02
4.706291331271290207e-02
-1.159102625207487046e-02
-7.930428143798182172e-02
-4.981898624114647345e-02
-2.572488329080682354e-02
-2.564486623001702506e-02
-4.916111722955287394e-02
-8.256584116714396626e-02
-8.409126376665986002e-02
-6.352190989396247489e-02
-6.301718529302266503e-02
-7.332927644318880736e-03
4.375057559431582560e-02
8.192463820105582925e-03
2.000484998524918248e-02
4.598011178665949161e-02
2.310196087329262696e-02
-5.697083239527205717e-02
3.272371696758314547e-02
3.210844027802760292e-02
2.827219432652680609e-02
5.672884948301328695e-02
8.913267842988492617e-02
1.317531162842550119e-01
1.255647958317932522e-01
9.821685680158685761e-02
6.758086613099943685e-02
5.573319526046540719e-03
-1.148689353958935039e-01
-1.327228435400782391e-01
-1.579764532208159655e-01
-1.189033222459438127e-01
-1.235131183893296708e-01
-9.680156690572998268e-02
-5.492654211226221522e-02
-8.605573514581731087e-02
-6.443937117382594892e-02
-4.864090696298278144e-02
-2.377198985960902403e-03
1.838260069726375609e-02
2.641990508910008542e-02
-2.118297995271243087e-02
-8.590385420064140798e-02
-5.625293283557072227e-02
-4.380547214131028794e-02
-3.281736234964156146e-02
-6.587349914847330512e-02
-9.407320894200799088e-02
-8.410189175836171871e-02
-6.929379158064458144e-02
-9.510794257171681365e-02
-2.358686110121994625e-02
4.895575915768150127e-02
1.849812309536544644e-02
6.412603709852193745e-03
7.124787126800188886e-03
-2.168687085807966680e-02
-4.896442681432297550e-02
4.387841599452228791e-02
3.422550744465432948e-02
4.772471854939591696e-02
7.836259482896082429e-02
9.761466031820276168e-02
1.202313595258623219e-01
1.480673234584417020e-01
1.063432851033875304e-01
8.327309992606410360e-02
3.620540079270079259e-02
-8.322008236440529838e-02
-9.572033503677535027e-02
-1.231286708882191328e-01
-1.268083666605245574e-01
-1.173147950876897300e-01
-7.698253253562732656e-02
-5.660216764708744797e-02
-6.693972279066831566e-02
-6.672522221621424166e-02
-5.521774453302456809e-02
-6.050838367421184846e-04
1.603141579753023654e-02
2.946340255670461261e-02
1.551466244864967321e-03
-7.681914777997440880e-02
-6.388547375060311950e-02
-3.986218897979655618e-02
-1.733439379699436289e-02
-4.453358762640949320e-02
-6.179272418737486589e-02
-5.128410131609646011e-02
-4.710113354817950515e-02
-8.669403104067348320e-02
-4.072816464636819928e-02
1.165256055628154444e-02
9.784060302012306462e-03
-3.713166407880206989e-03
3.210372239541620879e-03
-2.000407822997152599e-02
-6.521192721824980998e-02
3.039199809536223193e-02
2.591659981757283432e-02
6.436985574609209448e-02
8.567379075389500165e-02
1.024436507465085605e-01
1.321754540373283326e-01
1.431156705774603577e-01
1.442307967981514005e-01
1.108236745750224017e-01
5.270777132452707237e-02
-4.722233362767610382e-02
-8.602114632865720534e-02
-1.143197187187713904e-01
-1.028170714682132003e-01
-8.788261419284268405e-02
-2.018717329001403632e-02
-3.428056350840472111e-02
-3.853949326009839527e-02
-4.850833310129139958e-02
-2.916823104877655157e-02
2.255126549697721375e-02
4.299491425895478336e-02
3.845793331043222824e-02
-2.218780904524881702e-03
-5.512198527456162872e-02
-4.045667460739246768e-02
-8.938903522143821015e-03
1.346850670090173584e-03
-1.432403891859556147e-02
-3.132190428574024160e-02
-3.230300981651106768e-02
-2.288570517883257993e-02
-6.037975005816595409e-02
-3.906570545087186680e-02
3.531847874079322575e-02
4.510747359470444057e-02
-3.855319776291129749e-03
3.423873552948734911e-02
6.965444240003088039e-03
9.337824094965030408e-03
6.422874027517401496e-02
4.934231025968630058e-02
9.468301467246734160e-02
1.191265530134458794e-01
1.062867246123333220e-01
1.293105146486675794e-01
1.328765134076255738e-01
1.585961308797769198e-01
1.427827531301245068e-01
9.281679975513681957e-02
2.251723142745119810e-02
-2.968295552133254009e-02
-6.732624411496292149e-02
-7.758863345410592360e-02
-4.390030827078447023e-02
2.140284635424367227e-02
1.396179753454787793e-02
-2.288656573230830882e-03
-2.662484639152017021e-03
1.282522694019125852e-02
5.306413193552241697e-02
7.858836830896566428e-02
8.620523557781648027e-02
9.521892430989383621e-03
-1.917184454837079360e-02
1.659734096561368008e-03
2.835578309672063396e-02
3.656186496243685885e-02
1.234882945088135522e-02
-1.172884920410714347e-03
1.626251253475368558e-02
2.685555738923025779e-02
