2.687809475042584120e-02
-4.439116826673229765e-02
9.143070090908485270e-02
7.316018698749136850e-02
1.668840544075671922e-02
5.923988429562248442e-02
2.228872294120877451e-02
4.774017344431469995e-02
5.591683999954957102e-02
2.106227493723022287e-02
6.801709671833282289e-02
9.326557678134840546e-02
1.490053919535425930e-01
1.440943749574989385e-01
1.755973545222939136e-01
1.879834038239127370e-01
1.619816164290130145e-01
9.611682808146181090e-02
7.069981241504849634e-02
-2.858480330260325972e-04
-7.752771345439806415e-03
-3.722743279119088838e-02
-6.158463810750526568e-02
-1.334556788998035592e-01
-9.976435440261610665e-02
-8.227100231951839371e-02
-6.966349750538976260e-02
-3.421865881770091988e-02
2.037008316892177651e-02
3.320214836763125260e-02
4.332973244989641454e-02
-4.704188323815878398e-03
-4.255971446757546989e-02
-2.558204385033124167e-02
-4.751453658775675604e-03
1.244971224843328603e-02
6.707427874146679701e-04
-3.200998632992624500e-03
4.237022779845195375e-03
-3.079986355757231495e-02
8.933586544314043795e-03
-6.390821859445540432e-02
6.306862594052761728e-02
7.574253250120766001e-02
-8.097222877958051152e-03
6.414305995641324254e-02
1.300353317845286474e-02
3.167364647300884017e-02
4.796273371111309941e-02
8.296366018695362429e-03
5.177012214110213173e-02
8.136073645902269780e-02
1.415524565101591026e-01
1.454151982044677993e-01
1.462247293477772769e-01
1.717944402320228381e-01
1.633695972843115796e-01
1.065684631828105328e-01
6.688698535440240622e-02
-1.262635829753650483e-02
-2.541768280671411959e-02
-4.674668414085577511e-02
-7.942937900719904132e-02
-1.205360000922469643e-01
-1.140503469564645572e-01
-8.994343277628943922e-02
-9.276997099127509694e-02
-4.346998235320756465e-02
1.700928964688901233e-03
1.511848872171298562e-02
3.591162279643520666e-02
-1.190649169958705317e-02
-5.115531651242429673e-02
-4.995465362727756486e-02
-1.790534186874704128e-02
2.241778448143402422e-02
1.732331260915173296e-02
-2.077880473815347379e-02
-2.795104159886687908e-02
-2.504614429402320791e-02
-2.543817229012989775e-02
-6.904215407069301536e-02
5.234052168853686043e-02
5.135767902179601274e-02
-2.042865476819333628e-03
2.208412204391166020e-02
4.841583487543319082e-03
1.169042154808607251e-02
2.092633185377712826e-02
1.128495433729769133e-02
3.832948300335758951e-02
6.185747037246811658e-02
1.229333182373619215e-01
1.215902180080653538e-01
1.188384895399163949e-01
1.401268189544178644e-01
1.409229755431160303e-01
8.600368509454386912e-02
6.181184468313732916e-02
-1.036701705054188412e-02
-3.763747685462336123e-02
-4.219353422769318851e-02
-9.355484221165934200e-02
-1.123100813085050192e-01
-1.057412215034730096e-01
-1.017878875023371377e-01
-9.547880378455401995e-02
-5.327695469784236165e-02
-1.595363653910651658e-02
-2.380884728634977132e-02
1.465965904259439255e-04
-2.244012025592578841e-02
-4.847307049458076528e-02
-6.860963576130744979e-02
-3.104180409240258481e-02
4.812615876225432437e-02
5.288879638223549506e-02
1.454847251196797649e-02
9.888345555127551340e-03
1.740336378454572508e-02
-2.060153633136732956e-02
-6.803378650574751219e-02
6.311987732528617778e-02
3.884146779713722186e-02
-1.825195149054431934e-02
1.399798807297197162e-02
-2.106213387814118935e-03
-3.281461119384492670e-02
7.538147710893699192e-03
1.870506702940921001e-02
3.846288007533873315e-02
5.639878619720808950e-02
1.206706109370918739e-01
1.129375901661607007e-01
9.691425839287866328e-02
1.403783596086660146e-01
1.456093698924535995e-01
8.249643661886781054e-02
6.298780578748683356e-02
5.253888169927303960e-03
-3.975826611293697965e-02
-4.030582192445387318e-02
-8.605700445031433388e-02
-1.054844181126527863e-01
-9.813873528913913402e-02
-9.760198091823490962e-02
-1.046724288142607540e-01
-6.745733349080743069e-02
-1.366303963915442912e-02
-6.733485678993427447e-03
-1.980319847216678239e-03
-2.173436844378906149e-02
-5.996864860058176427e-02
-5.834288439057382092e-02
-1.864050307070445195e-02
6.882370358436154523e-02
4.500828600937232388e-02
-2.350027818342694148e-03
4.823633059925598252e-03
5.026532532250679169e-02
-1.741447023892749718e-02
-5.406420735313566261e-02
6.861259391419484432e-02
5.012262778308195638e-02
-1.749918785938373716e-02
2.698226996398191829e-02
-5.393579640550077298e-03
-3.160801182922833019e-02
2.221101398488195544e-02
1.276403312168528266e-02
3.201750241338335162e-02
5.076255675171299081e-02
1.108619256989752389e-01
1.074395391988005599e-01
7.480250249921704953e-02
1.298428207439187854e-01
1.406245220049392730e-01
8.479953287638618276e-02
7.037110681992800321e-02
1.233618897273933840e-02
-3.446714985134326226e-02
-1.817749166572229028e-02
-6.938474646911801935e-02
-1.069384568570715538e-01
-1.087103436139549989e-01
-8.644044043414422784e-02
-9.222135774837653122e-02
-6.208193355394294594e-02
-1.656764160759550963e-02
1.228192254212378924e-03
-6.664103854652285788e-03
-6.420660840439912365e-02
-6.413744871048181195e-02
-6.884330738525683280e-02
-5.067393661907015207e-02
3.519695641331936631e-02
8.375169243837073813e-03
3.289047637946756857e-03
-3.051465831413919649e-03
2.463476837389899296e-02
