5.058414339649746488e-02
-8.303996263310020609e-03
2.399530140907645687e-02
4.881647500091701453e-02
2.770243588071039792e-02
3.147764305288261455e-02
4.636905309873202985e-02
3.037624289492593319e-02
4.444152008556065403e-02
7.326921307932991734e-02
7.961516721585863710e-02
7.709270002962285984e-02
1.012445604432958834e-01
1.539498682618537506e-01
1.625019734816633421e-01
1.440794979961725897e-01
1.035146993258699438e-01
1.124080416974454315e-02
-7.173579195166362998e-02
-1.254226763016186297e-01
-1.166175468778381658e-01
-8.317164765595563836e-02
-5.783445164404142635e-02
-8.261912541180289893e-02
-1.158950986151227464e-01
-9.764051944019704055e-02
-2.487082643334382129e-02
2.435714936202540773e-02
-7.515291540491457478e-03
-4.397245766286628221e-02
-2.854208731933804977e-02
1.766225208050485650e-03
1.338865665787251913e-02
2.277375900866016045e-02
3.024193488748401840e-02
1.604768739785193341e-02
1.117479117320226666e-02
8.789225285835962007e-03
1.506782304849918139e-02
-2.598948084027995903e-02
5.099302296812061736e-02
-1.290365121235193500e-02
2.280495538611757717e-02
2.149878513357242338e-02
-2.936465064549579739e-03
1.138450954825558949e-02
1.086168803951152381e-02
7.798188283066853979e-03
2.308683952510283410e-02
6.162147325642729906e-02
6.901812887444049027e-02
7.551421922968674927e-02
1.027826572633267765e-01
1.692026233731829254e-01
1.713674912317614540e-01
1.417856241912221205e-01
1.016862364209285413e-01
3.925137398219764873e-03
-8.087115539701737743e-02
-1.340363011397833481e-01
-1.241882148028340960e-01
-7.786831811985213403e-02
-5.855287639032739910e-02
-8.569559668884942083e-02
-1.001876124694210946e-01
-1.005970658708287141e-01
-3.492059960951061220e-02
1.516701975274660670e-02
-7.251818634712996724e-03
-4.891883603203481257e-02
-4.417058160507073700e-02
-1.406287328163589867e-02
2.105970543813812795e-02
1.613351052178602432e-02
2.127874926536619041e-02
3.070345909130086162e-02
-1.113845993430171918e-02
-1.782992640986203262e-02
-1.690650878536139115e-02
-4.070435751974336991e-02
2.015562714234014202e-02
-2.502099873922548900e-02
3.044368690916551389e-03
1.117785974422615992e-02
3.288234090182218586e-03
6.431691935994555097e-03
3.282915998565080068e-02
1.818329162331793272e-02
1.598813458872941351e-02
6.097876038754813932e-02
7.336750302814794289e-02
6.910093754223346763e-02
1.016640163565625810e-01
1.414107945160787416e-01
1.705362638334944891e-01
1.537776497396458608e-01
8.981201617278254667e-02
-8.189623397957356346e-03
-1.138298638279816033e-01
-1.398731586071388922e-01
-1.223251909724487330e-01
-9.022359605899837875e-02
-7.715549120904560687e-02
-7.885831146641815448e-02
-1.082100816409412719e-01
-1.058851607949345963e-01
-3.677953846417910538e-02
1.996680582490653957e-02
-1.820634140821973321e-02
-6.667615686030882449e-02
-6.008379842511205743e-02
-2.377183014133875047e-02
1.671609168818541727e-02
1.189423713568805996e-02
-2.407416777594999896e-04
2.580114630161665923e-02
-3.207361586727083824e-02
-2.522448860386151612e-02
-5.096936388240466513e-03
-4.936332938600814652e-02
4.914902495293733964e-02
-1.941659869930727200e-02
-1.490355439535598868e-02
1.546117273216405727e-02
-3.573457922308011583e-03
1.004177883630747760e-02
2.259527538360697058e-02
-1.445460722679752495e-04
1.680059912243159551e-02
4.604976798922232745e-02
8.301046154604305172e-02
7.156184985562361045e-02
9.235278480687710012e-02
1.336152423723449834e-01
1.572517333816020602e-01
1.461322269274823449e-01
9.491472567276192096e-02
-1.269931572137414670e-03
-9.678424246470083980e-02
-1.428740730819491878e-01
-1.304526082924276076e-01
-8.440285045632060779e-02
-6.295186991303959589e-02
-5.822524193173110596e-02
-9.020053174496808768e-02
-1.084842753519343894e-01
-4.267124643399960310e-02
-7.776651377948166563e-04
-4.678792928594067979e-02
-8.974555020809686645e-02
-8.026374724632852342e-02
-2.258293667433628263e-02
1.818799681426175319e-02
4.353672836853626771e-02
7.507709270016336978e-03
-1.682817414545838058e-03
-6.888319864464281794e-03
-1.546976925617265554e-02
2.535335369959089945e-03
-4.298220286035760868e-02
3.666044824548011366e-02
3.378253729638220834e-04
-4.392303962509649419e-03
1.430215240412780787e-02
3.010973837017322241e-02
1.185604454955161390e-02
1.199933446264418897e-02
1.517966348465283472e-02
2.970642718097440613e-02
4.393328121581193541e-02
5.667215076387002726e-02
7.787065547729252191e-02
1.082820101874237273e-01
1.125954866823661027e-01
1.353344436417855401e-01
1.274901257359577766e-01
9.245259528356004897e-02
-3.495156372745277049e-03
-9.133947725442485843e-02
-1.179443603359151271e-01
-9.368989350984810449e-02
-6.823248810535434417e-02
-5.919738574142457965e-02
-7.270210289870701614e-02
-8.614495900122016991e-02
-1.069512177100504363e-01
-6.339689231525127977e-02
3.282920446047802449e-02
-1.970857567054219370e-02
-7.296262268696863951e-02
-8.768371744124185685e-02
-3.869849257317245494e-02
-1.478511942111635294e-03
1.846332329377479986e-02
-1.243709951883749040e-02
-4.591187801896027057e-03
-2.043500853055469496e-02
-6.903985021745662198e-02
-9.736552850525720046e-03
-2.055534351790551384e-02
