1.032597422751794190e-02
2.372720718101669138e-02
2.481864431078796215e-02
-8.844953591047084339e-04
-6.397905800682652730e-03
6.426822153898370180e-03
2.857473763118420149e-02
-3.690076516192514200e-02
3.921312767767559096e-04
1.939645261782439387e-02
6.853187715136598024e-02
8.182557010994231939e-02
6.837041590803792646e-02
1.037915530997073482e-01
1.306787113172079851e-01
1.742071972843696748e-01
1.552093035267076149e-01
8.497921324694497625e-02
-2.057650230313141926e-02
-8.023749224878037878e-02
-1.102176765478542764e-01
-1.192397883447716411e-01
-1.125646566139696242e-01
-1.141226216967943102e-01
-1.134313869565161254e-01
-1.018156296079420486e-01
-9.910149122958042400e-02
-7.442395620190501992e-02
-3.592762928081457557e-02
3.742075166265038284e-03
-2.168460713440590118e-02
-5.465747100578028511e-02
-5.938563460556823409e-02
-7.311540215565616452e-02
-5.977008735733048417e-02
-2.467630052924400796e-02
-4.063673764905250535e-02
-7.231428060763472887e-02
-7.413100107776483816e-02
-5.156253091973080072e-02
3.872088894688866662e-02
3.562552966757668443e-02
2.928884416768295570e-02
7.570601674278687292e-03
-1.359081003990372533e-03
2.552450957660739109e-02
3.411523356227062070e-02
-3.196401927501515972e-02
8.990113028743949158e-03
1.205653344759354158e-02
6.529173361457872582e-02
8.690251911778223981e-02
6.823340011812417671e-02
1.107949035934708976e-01
1.408338190294033954e-01
1.741286467407482663e-01
1.687105604584830387e-01
9.465738513054394732e-02
-5.091076559365292735e-03
-6.805971170801368431e-02
-1.027915892177156676e-01
-1.052885985241202027e-01
-9.173818893860181956e-02
-1.008664666596035819e-01
-1.056072520828229555e-01
-9.457168248156061496e-02
-8.194459377265490840e-02
-6.356273156095618160e-02
-1.697738205544752077e-02
7.947299382229341611e-03
-2.236696385956689001e-02
-4.860024594312251089e-02
-4.943587302129641425e-02
-5.437646441130599556e-02
-4.828202614072808763e-02
-3.381350381100484137e-02
-4.059159005908363066e-02
-5.817873186575728967e-02
-6.031131014713499161e-02
-3.904344873317437681e-02
3.505218758046232952e-02
2.585977042555328426e-02
3.084257413552005458e-02
3.913060662826806785e-03
-1.272479476996268670e-02
2.080164064506044228e-02
3.051119454713291032e-02
-2.184240228823629976e-02
2.061967613832158680e-02
1.348179535593505354e-02
7.704199260685307138e-02
8.737763897255142187e-02
8.348920697584481798e-02
1.098051423718790498e-01
1.404350340399347641e-01
1.565292585191887520e-01
1.712404213387234420e-01
9.643254930257601221e-02
5.861968075064989334e-03
-5.736353611347901060e-02
-9.652983563743081086e-02
-1.015019403782636692e-01
-8.333798094028578574e-02
-9.796660830718879887e-02
-1.028438565356127737e-01
-7.520981960869584093e-02
-6.355095475760982882e-02
-5.103469719151277478e-02
-1.101574566400278024e-02
2.453437157718334552e-02
-1.942384076277646476e-02
-5.532745812957503423e-02
-5.173294180792956803e-02
-4.146403613718147030e-02
-3.659717621993360120e-02
-1.908898152253135985e-02
-1.840435152666437812e-02
-6.103672287781426731e-02
-3.618282187320121662e-02
-7.546986358426248202e-03
1.479535507763911524e-02
3.200798589985237586e-02
1.464048935944435234e-02
-9.043811802951950279e-03
4.780817091405049034e-03
9.797064967037081781e-03
2.345503575507347158e-02
-5.152174613517773076e-04
3.712401705811340519e-02
2.260628944914883087e-02
7.747230590491312185e-02
9.957761756819279164e-02
8.307136293189254506e-02
1.072686761810540540e-01
1.297223879305446359e-01
1.425644416794615565e-01
1.641684736235809461e-01
9.173117708395947534e-02
1.734982743026661570e-02
-4.537206792459781007e-02
-8.527379940594033425e-02
-9.159036910097752282e-02
-8.281997838658092248e-02
-9.762674376458463366e-02
-8.499363440073727516e-02
-6.044760267145227184e-02
-4.319745854432373300e-02
-4.158586092086095920e-02
3.826292174597239245e-03
3.471823094553076056e-02
-1.511469663789340862e-02
-4.530202697518596888e-02
-3.514334342927983440e-02
-5.353720521599462240e-02
-4.712669169312243972e-02
-2.538424950344165404e-02
5.694407193192042946e-04
-4.700357891569290764e-02
-3.524954918902894335e-02
-1.025386246133737182e-02
-3.592129204394164683e-03
3.739066327719708233e-02
2.967559669095221411e-02
2.570393578963493710e-03
1.125469529080949313e-02
1.791082340967651773e-02
4.231373387415991727e-02
7.223454458264362034e-04
5.089358575677391250e-02
2.868715202186734869e-02
7.277853834091600749e-02
1.019584014307972353e-01
9.364831623382149917e-02
9.717767450634720583e-02
1.319788544203514269e-01
1.558828861490256512e-01
1.575905396509921230e-01
9.512582980448994197e-02
4.675745533955251443e-02
-2.013715810543087112e-02
-7.198175414469765165e-02
-8.404383114777191910e-02
-7.352665744867827036e-02
-8.811553991436696376e-02
-7.501398632230105168e-02
-5.410737148850126160e-02
-4.358716474848136485e-02
-2.930134965488470286e-02
9.053879135154454388e-03
2.878254583860660742e-02
-8.876081928539067759e-03
-4.405507911527242054e-02
-3.895384709736051526e-02
-3.598488595652585970e-02
-4.719212997095398321e-02
-1.190510558332574104e-02
-3.533929217686887069e-03
-2.781887700693939230e-02
-2.298709189528264432e-02
-2.153963832355814214e-04
