-2.401201054877906763e-02
-5.763427438491359328e-03
6.199131751657015882e-02
1.445179127239893703e-02
-2.787934082261569330e-02
4.170640994671009211e-02
3.141174847363346640e-03
1.195846372618671570e-02
2.474014228679707536e-02
1.802764572591928141e-02
3.051041889522482578e-02
5.105125909602248324e-02
3.587465051859081711e-02
7.018565786448950627e-02
1.294865018912393084e-01
1.719557577052388819e-01
1.365120293251276817e-01
6.530046475298624531e-02
-1.349119188750679682e-02
-7.975186889769339538e-02
-1.258426705682064439e-01
-1.459930170405565053e-01
-1.118011045006368914e-01
-8.522000876657122304e-02
-7.402689029214860883e-02
-7.419107755027098960e-02
-8.683998381238150488e-02
-8.870189338736036988e-02
-6.694470553376170863e-02
-3.683267381128795676e-02
-3.385428852227220092e-02
-6.700071253651827818e-02
-6.949299254488099098e-02
-8.050890477666466927e-02
-7.015669997004599090e-02
-5.460270584165929919e-02
-1.897555385055053889e-02
6.910475521208047332e-03
-1.567155867277646815e-03
2.338106229850625897e-03
-3.568209876577976836e-02
-2.662114976100850988e-02
4.959073900079536551e-02
1.569487782969949995e-03
-3.958594467183668142e-02
1.225581136543251425e-02
-9.006944062341867147e-03
1.397731501377875996e-03
5.279642152700480921e-03
-2.340184583567174546e-03
2.872179037303594293e-02
5.765491338140179417e-02
3.362212565950268434e-02
6.509234249106393699e-02
1.269063167580588292e-01
1.615366310640827530e-01
1.520978898791396083e-01
7.884250020561055228e-02
-8.360874938817403068e-03
-7.927966913429104756e-02
-1.285467001859109948e-01
-1.402557781313243379e-01
-1.108152376070708489e-01
-8.986384354178547640e-02
-7.906020834131793906e-02
-7.851431648653790785e-02
-9.101821167605815555e-02
-9.116355417039878617e-02
-8.219696668124812367e-02
-3.609712079194665052e-02
-2.859531144498678179e-02
-5.394055470850572104e-02
-6.608760337457057765e-02
-7.228683408555394707e-02
-7.086136882457122477e-02
-4.872228699404178298e-02
-3.970968612643295537e-03
2.084361291806576671e-02
5.647018299436259818e-03
-8.477111196852668562e-03
2.565437049263381841e-03
-4.650629380865004686e-02
4.309423931085627768e-02
6.543711310840265652e-03
-4.023633558905042457e-02
-3.779024232773886723e-03
-2.652276304387506112e-02
-6.706109274167649549e-03
2.921695681168945229e-03
9.145088798743084696e-03
3.166762435504755224e-02
6.049923235609964978e-02
5.353522160420982196e-02
8.117688841507686437e-02
1.316967471422425262e-01
1.635164228241608175e-01
1.654954179175788520e-01
1.013077839267766816e-01
2.119368354581166458e-02
-7.406092790619073218e-02
-1.143036948596883734e-01
-1.293029863712987504e-01
-1.086695837265877485e-01
-9.260883919203290182e-02
-6.926135794798453371e-02
-6.463085097366537413e-02
-7.703161379526506092e-02
-8.996462861606785433e-02
-7.277304967597068852e-02
-3.654134858353706022e-02
-3.496867260940737104e-02
-5.853107240566274988e-02
-6.816182515301785760e-02
-7.121675894651989525e-02
-7.836925907493817733e-02
-3.699632540829646959e-02
1.735669151053810186e-02
3.175079382523351285e-02
5.703363872248633053e-03
1.772510756456244924e-02
-8.720609702044019099e-03
-2.099100455737224619e-02
5.295261840403319570e-02
2.341063110681789253e-02
-3.149190907243053922e-02
-3.695743067443188219e-03
-5.640808284703911248e-03
4.363306390983867633e-03
2.598172842537342306e-02
1.848219354870672335e-02
3.242032067766517645e-02
6.351559149782876057e-02
5.856907718203491209e-02
7.911614730671437390e-02
1.304045221254030995e-01
1.503305285004686298e-01
1.644762964899322832e-01
1.123809018152100159e-01
3.347361970329849196e-02
-6.170893697009677270e-02
-1.039057436840772758e-01
-1.276913511859301686e-01
-1.033926221227832870e-01
-8.520853750998240439e-02
-7.515654230317632412e-02
-6.134344533444485020e-02
-7.110688456992779460e-02
-8.404078899075682896e-02
-5.166806111625359826e-02
-2.981780119578138558e-02
-2.361526061207210037e-02
-5.831395721429311757e-02
-7.171413237405120655e-02
-6.094387896826373302e-02
-6.522496758891128954e-02
-4.398337420950539089e-02
6.557705409773656458e-03
2.135751160653133821e-02
1.798721994937669752e-02
2.129263570755483836e-02
-1.416547660908705833e-02
-1.399134744277108489e-02
5.136311211278797584e-02
2.785746010052144589e-02
-1.301325271672345955e-04
4.235232191319627908e-03
4.492361376828160960e-04
1.137759552634100627e-02
3.261074031931285311e-02
2.512433712293345167e-02
4.669672236773938362e-02
7.728398035727618298e-02
6.592189016348391772e-02
8.426959757108190563e-02
1.431062641716854544e-01
1.550894805852111036e-01
1.684030934879662267e-01
1.300010240001731598e-01
4.817422876491868344e-02
-3.903004141739800648e-02
-8.878909779953975123e-02
-1.037869773417430114e-01
-8.514273797487584283e-02
-7.112425824592590040e-02
-4.880067234415137040e-02
-4.787539157011952429e-02
-5.991790150946392501e-02
-5.977436170637048796e-02
-3.595541851903462371e-02
-2.136691908397285455e-02
-1.232185975578539705e-02
-3.137616274547862238e-02
-5.990329233098343892e-02
-5.946885299441817541e-02
-3.601264670771865684e-02
-5.030175570116850181e-02
-5.327722964583319482e-03
-1.230626243391756171e-02
3.841712377399611727e-03
2.157714657481248424e-02
