4.462168822804867679e-02
6.381165152448076139e-02
8.735447357482430120e-02
7.731775316186995095e-02
8.295651879333357237e-02
9.026216942627654505e-02
7.964211389573086497e-02
9.115876551800369820e-02
9.545021012553392414e-02
8.439625573101004752e-02
1.079764026744395450e-01
1.297349268433637681e-01
1.719190582882079432e-01
1.684121317801360318e-01
1.326796937541409871e-01
6.032691260553389723e-02
4.847798896721411052e-03
-4.458666212286418323e-02
-7.641197406287686400e-02
-8.677453943963116256e-02
-4.446549081212116533e-02
1.161239480001594916e-02
-1.753732199256238106e-02
-8.057612348584936024e-02
-9.195397966351151475e-02
-4.821872693123651493e-02
2.585892106570919502e-02
5.550517040778891326e-02
-1.051121744149842788e-02
-8.357999750762554192e-02
-4.902428564879262457e-02
6.628335455517603281e-02
7.797069891140744058e-02
4.872109345333421049e-02
3.610274966262671387e-02
2.331536635034135024e-02
3.007689861781747548e-02
1.610509682481280763e-02
-1.656910449508182349e-03
-2.610461469196341880e-02
8.002232737988350386e-02
5.007902011722419749e-02
5.833987029270690239e-02
5.235506704017865720e-02
5.359985338164251212e-02
6.501532056322338604e-02
8.115671805656145266e-02
8.238390316873461794e-02
8.240793603699053671e-02
8.086926319012473219e-02
9.799039701165047911e-02
1.232025042375084062e-01
1.642043130156844166e-01
1.625148310931932571e-01
1.262429425044195863e-01
4.971860137032109439e-02
-7.537529171543842776e-03
-4.432472523495736144e-02
-6.628871360181455563e-02
-8.285951594259606534e-02
-3.892541210429541904e-02
1.017145360159430433e-02
-1.705995973607484298e-02
-8.275488217624553389e-02
-9.405450014619771981e-02
-3.914932705843285343e-02
3.406263530049157690e-02
6.329580139200352562e-02
-2.187722216818180701e-02
-9.472454136547744930e-02
-5.340205588739252440e-02
6.486375522084593392e-02
8.711212564086556753e-02
6.228586897558306690e-02
4.385575840394768943e-02
2.174682824238403922e-02
2.712737275394890707e-02
2.245649378671948568e-02
1.111758804341102637e-03
-8.614348959515459245e-03
2.447275122097790009e-02
4.198083838333918627e-02
3.972138274583157658e-02
3.427833265810634189e-02
4.627723605372278254e-02
4.895840650335769179e-02
6.703982202911186461e-02
7.717927906850648168e-02
7.461995370521103121e-02
7.309545885968210532e-02
8.920393247656854818e-02
1.166440526894248347e-01
1.596018011995271602e-01
1.552414163353268151e-01
1.185725426496810619e-01
5.863784509291160296e-02
-7.896898081461243418e-03
-4.667762519841984342e-02
-7.053853344074784149e-02
-9.019947502405341322e-02
-4.751854357448084820e-02
4.580322105041939942e-03
-2.463283231155240574e-02
-7.871085278396300344e-02
-9.572505765784637688e-02
-5.346369515991795246e-02
2.888867160612306959e-02
4.911262375125215185e-02
-3.896631086931841986e-02
-1.043442460675766265e-01
-4.854875213310682475e-02
5.927055649284272004e-02
7.105347626442487519e-02
7.422806550575709872e-02
5.079310557108990265e-02
1.814571059779985368e-02
1.454273990884350463e-02
4.775529825019196768e-03
2.892877722681870371e-03
5.716068269302461771e-03
2.702215465985244314e-02
1.985464796678658786e-02
3.609728699855484918e-02
2.911196734017258703e-02
2.932018132562659932e-02
5.907622425164444496e-02
5.759101939378582363e-02
7.121143693525268381e-02
6.977966664876514291e-02
6.858928574729857008e-02
8.545021788872972368e-02
1.057971312579801121e-01
1.571096340896670218e-01
1.485735566118488726e-01
1.210202372193175252e-01
6.193452813765856074e-02
-8.562554590436726419e-04
-5.497638527456073093e-02
-7.931592736850545666e-02
-8.716863564146458410e-02
-4.766752961224839796e-02
5.753993631690265198e-04
-1.321124533481177199e-02
-7.570499648506494317e-02
-8.585419272320490847e-02
-4.261176237785865156e-02
2.523066246785497790e-02
5.592711367527404553e-02
-2.336434711494484243e-02
-9.573873908603047767e-02
-6.027796087196486685e-02
7.462262013225509638e-02
1.045052434854669143e-01
7.675215358339437799e-02
6.167283148833955370e-02
4.790549303499661016e-02
3.658256454104870381e-02
2.973005625951396537e-03
-4.928307180319954107e-03
-1.052171670637105406e-02
4.190256264020282562e-02
3.118639222544174541e-02
4.225877720320202202e-02
3.740284248980570159e-02
2.889365151835917092e-02
5.589374159375153778e-02
6.041005260511142505e-02
5.836205111796536477e-02
6.728159961983344595e-02
6.943898105391077546e-02
7.827938430875520937e-02
9.191154439502670359e-02
1.469834045891294516e-01
1.376909522495670668e-01
1.226491158231408918e-01
6.485858242316674960e-02
-2.920975605942551586e-04
-4.986920077999754120e-02
-6.877510308164949682e-02
-8.708626767297378279e-02
-4.485057024762148514e-02
9.061896070869315464e-03
-1.452021905676516593e-03
-5.795905147608095692e-02
-7.809001426489547981e-02
-2.795579361956198813e-02
3.611765942246401850e-02
5.266431000037755106e-02
-1.929204140957384642e-02
-9.002577696638208726e-02
-6.840987514087959465e-02
4.692396017734407065e-02
9.965255707707580679e-02
6.687134534656723195e-02
5.037319663518481649e-02
2.673616188287011863e-02
1.563603122709586804e-02
-4.670445677903333821e-05
8.019412735721156158e-04
4.753894366121212169e-03
