3.693153105729925223e-02
-1.508180343636598107e-02
2.575196867011293744e-02
3.968085919032610098e-02
2.044865201786378803e-02
2.225279759613265664e-03
-3.917500186183887727e-03
1.467256378762456757e-02
4.874321132396097073e-02
7.239950963703725706e-02
8.138552826849290711e-02
9.283534924813408029e-02
1.142658596995089759e-01
1.278837224573362574e-01
1.439764271089138126e-01
1.276338639073959225e-01
2.524598927017714101e-02
-9.352963949049705739e-02
-1.241224051965883202e-01
-1.454256519417519711e-01
-1.355334943686515581e-01
-9.807267104115501011e-02
-7.403367724929563187e-02
-7.874164102224952277e-02
-7.762618584781687259e-02
-5.032545366742996462e-02
-5.211542111424386642e-02
-6.892712282715449112e-02
-4.029238783996261231e-02
-3.387795115810988966e-02
-5.886084563056932090e-02
-4.675261463643192589e-02
-3.237293157409134453e-02
-6.360602975177101319e-03
-5.273344249420637044e-03
-3.327981086379229458e-02
-2.003226333540901807e-02
-1.080414836990786082e-02
6.695826785098026729e-03
6.530866755500581988e-03
2.946052774644335182e-02
-1.193263774640981011e-02
2.077511076620908864e-02
3.663751825371509840e-02
2.239402792235437381e-02
-1.010335279658190755e-02
8.118581735423104507e-04
2.289173748237211675e-02
3.443340604121904874e-02
5.882558518282912652e-02
6.624149383938658653e-02
8.038139133079728882e-02
1.008382134269760477e-01
1.101830520618990727e-01
1.230346759604663970e-01
1.199482148940145682e-01
4.225597525489025591e-02
-1.031953085740115322e-01
-1.271228265732135543e-01
-1.555392791553239507e-01
-1.242121101256832005e-01
-8.392983472543842638e-02
-7.731031743948740820e-02
-9.187965862757206670e-02
-9.200120815266635277e-02
-7.870241067799119139e-02
-7.866155209532380010e-02
-8.608201187463393467e-02
-6.143663865481566178e-02
-5.081624166121750247e-02
-6.946742427476426673e-02
-4.692715229870635801e-02
-8.109571464446251737e-03
1.734712797468244277e-02
2.556554523061594156e-02
-4.126871310736708771e-03
-3.893668480994821098e-03
-1.308836930463786082e-02
7.446017856554078729e-05
1.274402706108492336e-02
2.414132762761882559e-02
-1.744827067327122186e-02
5.959501609250830202e-03
1.331499230216339445e-02
1.738610313608015753e-02
8.027311828454810477e-04
7.924435414703496659e-04
3.689748712115494683e-02
4.232846274970394895e-02
5.661694539587711072e-02
6.460301121762143661e-02
6.451600399639749461e-02
8.041217924272753281e-02
1.168675928716208373e-01
1.347274101571802607e-01
1.168177842374302361e-01
3.647885629558703102e-02
-9.385180517160972291e-02
-1.258113058539519769e-01
-1.461243501771953557e-01
-1.048502439316530699e-01
-7.205725253031183830e-02
-6.527669436012083215e-02
-9.128442854068954948e-02
-8.847123614224437771e-02
-6.260461733770358861e-02
-7.762987111252957206e-02
-7.959662303208366041e-02
-6.480838951533741954e-02
-7.432270018050987637e-02
-7.195711670298508833e-02
-4.538748399916384124e-02
-1.207878377446346997e-02
3.344185292858251751e-02
3.070353524664154107e-02
-1.516976384257557979e-02
-2.419763549951989973e-02
-1.060438173831321045e-02
3.658799311024368058e-03
1.395183240707434814e-03
1.126760694720014243e-02
8.658285117135523443e-03
2.881439171171540879e-03
1.353202989684750696e-02
-5.461097607933237431e-03
-1.183544425599109516e-02
-8.736145660783810329e-03
2.992725359887186617e-02
4.827824398259158295e-02
5.763943874495650044e-02
7.014922929276748431e-02
8.222689227745010043e-02
1.023827968551159345e-01
1.268337271031754754e-01
1.570310844591774890e-01
1.263780213383952911e-01
4.285922062229320650e-02
-7.859992999523501833e-02
-1.280922934142128544e-01
-1.398693401528200986e-01
-9.344336004921569017e-02
-6.051949096645756199e-02
-4.685628462169320885e-02
-8.573121700114146038e-02
-1.092265570501836786e-01
-8.864950635937822454e-02
-9.413910086617173489e-02
-8.819267461104624006e-02
-8.561467741876294113e-02
-8.912667418877566472e-02
-6.913036148025114569e-02
-4.413746894769513679e-02
-1.522824245218958733e-02
2.734324974331473618e-02
1.600113878157956651e-02
-1.502202210345432443e-02
-1.416527560914666514e-02
-1.543622187928766869e-03
-4.235227042152486625e-03
5.276247515801231990e-03
8.717537526319442051e-03
2.935085873205340104e-03
-1.518018188132201803e-02
1.707009099945905675e-02
-3.544954965084757235e-03
-2.355404919139936215e-02
-1.674789591764838312e-02
3.339723095826993560e-02
5.200589501781511387e-02
6.942485104459497625e-02
8.267739604085817817e-02
8.440012285168388417e-02
8.885581168993347823e-02
1.203590798781177806e-01
1.267974657215650280e-01
1.166838488550827058e-01
4.857667824915318233e-02
-7.244046891892938489e-02
-1.302687026362821521e-01
-1.254503960053192646e-01
-7.796594311712030934e-02
-5.533893664758496311e-02
-5.637968624504659243e-02
-9.632566922090964046e-02
-1.036353331316951509e-01
-8.396282606335589427e-02
-8.766449084742480857e-02
-8.855007266573534930e-02
-7.982632260364974641e-02
-6.770846124473016425e-02
-6.194338947337270362e-02
-3.970218048841476360e-02
-1.888530379853469929e-02
1.872875541445860603e-02
1.735028831831129242e-02
-2.754957172553133826e-03
-1.048822606911227820e-02
-6.138438389878951573e-03
1.625082412173675097e-03
5.047436067253869771e-03
