2.097846259475106764e-02
7.319582104719711546e-02
5.542277777877134548e-02
6.191247368151784475e-02
4.552728993108935002e-02
3.820266681717220114e-02
6.023367583843303175e-02
5.382941249433100678e-02
6.050677797481432418e-02
8.633023305642031908e-02
1.048665417885783768e-01
1.117104290656785737e-01
1.372539404017950604e-01
1.827581936522502948e-01
1.944703942046029088e-01
1.672174130220963340e-01
7.762981519936967834e-02
-2.015040654015311239e-02
-7.131508682753286144e-02
-7.842366917009915839e-02
-5.134120505034892035e-02
-4.796481484663979206e-04
1.769022942065732670e-02
-2.938730729267693617e-02
-8.216193621997756880e-02
-4.813861388063831598e-02
-3.309163367315404863e-02
-3.015980975825650195e-02
4.476284379327097156e-03
4.925152330701468295e-02
2.698971494453176329e-02
-5.110644733398416600e-02
-6.435087037185367731e-02
4.175443518996959508e-02
4.985420115411345887e-02
3.908966560439758320e-02
-5.664023600128614833e-02
-2.181865641383982923e-02
1.427977319983927962e-02
4.909867924542100047e-03
2.931835092355300834e-02
6.696758023206854371e-02
2.621242908230932839e-02
2.248724937205917249e-02
1.568571488491046773e-02
3.044355432719008867e-02
2.871334191366836305e-02
5.243772187257872419e-02
5.066108789589322120e-02
6.850192613800089314e-02
7.460585504595955431e-02
9.553649929799923335e-02
1.328504800182157830e-01
1.722398699752173135e-01
1.865148274685477225e-01
1.682289785144650829e-01
7.592490820634828497e-02
-3.535450984995029688e-02
-8.887653309178356054e-02
-1.122035725529210298e-01
-6.488358955047446308e-02
-8.626215103433854808e-03
3.064646815635102182e-04
-4.545175396958736624e-02
-8.556103373826030867e-02
-5.707720651152706909e-02
-2.459875212119858046e-02
-2.589178564349311693e-02
9.357612210071385161e-03
5.361753173819171214e-02
4.057233864672660922e-02
-2.961928869112888732e-02
-3.198033769227687922e-02
6.014455157064923368e-02
8.468879588607908238e-02
4.966929965853428275e-02
-5.347299210986955487e-02
-3.990560952231761438e-02
1.174657400684617735e-02
-9.344972026893022532e-03
3.148735696109799392e-02
4.981764323572977077e-02
1.495444978790245148e-02
1.254470992104374412e-02
4.685193793359983001e-04
3.923646744191595231e-02
2.363986089990722378e-02
3.213259438142775093e-02
4.805486293920626512e-02
6.089546476332150654e-02
6.480637927192874070e-02
9.263949060988430073e-02
1.399409999258924009e-01
1.686251993429371265e-01
1.976785929310797829e-01
1.758929377704988029e-01
7.773815429314751002e-02
-4.323035260888075798e-02
-8.992268409061410228e-02
-1.057711438168816298e-01
-5.749564683441500679e-02
5.384230116410795982e-04
1.192473860600042242e-02
-3.560299499652447991e-02
-8.627859364747074433e-02
-4.935421690767748809e-02
-1.045012593788495134e-02
-1.554434332579616648e-02
2.234163320610410997e-03
2.511861551115847010e-02
2.179292261856138196e-02
-5.553761122592507787e-02
-4.272416932477263174e-02
2.498090102515435756e-02
6.390106962974285987e-02
5.168756025434010498e-02
-4.223194854073660659e-02
-2.059470013729721924e-02
1.269848111115444780e-02
-4.620998763384562280e-02
1.302761448416903459e-02
3.064375416752973189e-02
-1.949936515817600816e-02
-1.294878430533500085e-03
-1.574044284226810975e-02
1.239751337966570055e-02
2.503940177844893658e-02
2.395866702651177141e-02
3.899341799316494855e-02
4.773080504608954999e-02
5.514740821531432385e-02
9.908022038955435762e-02
1.186985461941713893e-01
1.392369511909883895e-01
1.731148338274736687e-01
1.704038516433276917e-01
6.307365386180412148e-02
-4.722213135468796008e-02
-1.078029931943818576e-01
-1.125708312089952201e-01
-6.144786612827107114e-02
-1.500468093883912911e-02
-1.073265494289106850e-02
-4.544323224136274930e-02
-9.387040205995347830e-02
-6.448745134334769868e-02
-3.225641779812502691e-02
-4.140834286731213260e-02
-1.195192528285015342e-02
-3.143730584359943209e-03
6.271047918842302671e-03
-4.296274975934407520e-02
-4.810227567910352331e-02
-1.504600681997307447e-02
3.985848995826384716e-02
3.960917297503507156e-02
-5.051738561956650025e-02
-3.544157139734542550e-02
-9.925888450521426487e-03
-3.704305701226074526e-02
-1.725262243143942109e-02
2.082696562589222630e-02
-2.401792429548423036e-02
-8.558993240322769480e-03
4.827688839667510119e-03
-8.513213051990634397e-03
1.004170077475517210e-02
2.041859135754389362e-02
4.228530943632767547e-02
4.298407145071453384e-02
3.938502549145835724e-02
7.025427901769135119e-02
1.044870207184520339e-01
1.089434833148930498e-01
1.446196670448596233e-01
1.243329573344681971e-01
4.072146870370846328e-02
-6.635775687244310772e-02
-1.089779199718171054e-01
-1.238230266775024874e-01
-7.703027111209775901e-02
-3.188879555247284975e-02
-4.003698922879853073e-02
-9.095829959127367526e-02
-1.192812737180726224e-01
-7.948549616948526186e-02
-4.829107344248138867e-02
-6.572902472825591091e-02
-4.526769213292791000e-02
-1.017533741163468425e-02
-6.080870949251215331e-03
-9.942380610954881792e-02
-8.700179827991627590e-02
-3.077145750900575280e-02
1.928539062837431040e-02
1.584395048068231240e-02
-5.117135588542578994e-02
-5.900939611797555856e-02
-1.384093049102573525e-02
-3.318174014084396967e-02
