8.986889470540410096e-02
1.275775265064667818e-01
5.283542360805929677e-02
-1.810747361833180830e-02
5.882643119036461143e-02
9.636408458722242609e-02
6.902060911459395598e-02
5.219917138284175390e-02
7.903816760532235419e-02
7.852267063760215438e-02
1.076482469441219364e-01
1.032646790389184360e-01
8.135829529862217968e-02
1.374450247836708494e-01
1.461886660600329735e-01
1.801120863430781260e-01
1.811369446620206825e-01
9.830294407229792086e-02
-4.042620903260594166e-03
-6.774818409543789666e-02
-1.171666106287235221e-01
-1.225724138147933351e-01
-9.338209291623020269e-02
-6.393783147519170595e-02
-7.213813146439684854e-02
-7.772056549399494751e-02
-4.498871973706059652e-02
-1.830372756184623848e-02
4.179609501244075688e-03
1.431843494461135582e-02
4.796564226290692817e-02
3.245271609913120275e-02
-2.259966782395924820e-04
-2.929123396341230118e-02
-1.164673697940777318e-02
-6.882213495763321760e-03
1.329779966675362054e-03
5.560225881820924504e-02
3.680671611792072501e-02
-1.446705677525267873e-02
4.888239172670095362e-02
1.062352884192446223e-01
3.225789938588549677e-02
-3.452689143025932522e-02
2.339634778397289144e-02
6.154578353331563445e-02
3.507891116057439834e-02
3.542357017808462488e-02
4.873163176178413325e-02
4.460866317973166684e-02
9.345301283126458691e-02
9.422566912275927298e-02
7.264079734346584605e-02
1.097738257805584011e-01
1.238075662294839813e-01
1.422781094597933560e-01
1.674762402619102974e-01
8.381407354124367770e-02
6.761569085131906992e-03
-6.361937774198044016e-02
-1.174185603773768433e-01
-1.248614988453166375e-01
-1.009778060884641143e-01
-8.456093610664225380e-02
-8.747796822233873393e-02
-9.862403467411487434e-02
-5.456231026863003764e-02
-5.119203141430968967e-02
-2.272359876482549917e-02
5.356984258414301640e-03
2.520441286466213945e-02
1.512874322166335959e-02
-2.685274136483661173e-02
-4.840448498065405558e-02
-1.028652276866698877e-02
3.012510103157366691e-03
2.699004113575687123e-03
2.473183096208663237e-02
1.568777331771371158e-02
-2.026225147084976044e-02
5.132686239111958204e-02
7.936735782377536685e-02
2.409629783671710448e-02
-3.554730192884333895e-02
2.513794910229297502e-03
3.414793131250316860e-02
4.019572837583273300e-02
2.003352970154712726e-02
3.496105189980641681e-02
2.643008477595063313e-02
8.527756122168551889e-02
9.432719639615841367e-02
7.086693147292850992e-02
9.665085485012195332e-02
1.172030070963481913e-01
1.309605790075936138e-01
1.484688862429978662e-01
8.126289757981380868e-02
1.594245466891446375e-02
-5.214667494416524995e-02
-1.065287425856466103e-01
-1.170449331355428862e-01
-9.521335236015351922e-02
-8.741125166443611261e-02
-9.137943889017224874e-02
-9.653707403870326331e-02
-6.941924643000955963e-02
-6.724924198551807120e-02
-4.251900371604140638e-02
-8.045060763344213939e-03
6.694706963601746927e-03
-5.457519905097166571e-03
-2.980603384607915379e-02
-4.016615467886468921e-02
-1.028793391809528293e-02
1.977220975632714567e-02
-1.903038588134611450e-03
2.913713900580161900e-02
6.667892114940755614e-03
-4.015828670453361338e-02
2.091714336169741076e-02
4.618313073207876845e-02
2.032094047759138919e-02
-3.561294099330811203e-02
-1.893130420008930573e-02
4.214790982900982336e-02
4.008622470125851323e-02
2.658817559339681988e-02
3.162235802560262043e-02
2.170231388508265039e-02
9.479046955227672655e-02
9.703100379868531689e-02
5.338866968762523424e-02
8.834063239141094759e-02
1.239545899846337951e-01
1.208038160282789431e-01
1.433728957050100505e-01
8.884403056625807260e-02
3.785462785891784143e-02
-3.160345545280646845e-02
-9.257863053277380627e-02
-9.989547762652468965e-02
-8.538125528185891433e-02
-7.318673295258369682e-02
-8.235588351240458183e-02
-7.502089054396515744e-02
-6.477058981434048734e-02
-5.774600504677092350e-02
-5.251744969572845478e-02
-1.104419109334125147e-02
9.734525836402016172e-03
-8.483687998841877437e-03
-3.393875041393960845e-02
-5.015072528020469989e-02
-8.287114443400613040e-03
2.158238968436260868e-02
-6.787409295309782160e-03
4.176402226180457589e-02
3.564254888056202913e-02
-2.397463959694940555e-02
4.728700514542450058e-03
1.427336143907879593e-02
1.871749552657250501e-02
-6.432381258502305188e-02
-5.551706695936806796e-02
3.164473693734529830e-02
5.889823812354311877e-02
3.540368214999395358e-02
4.108679254516712370e-02
5.552524183051620738e-02
1.041858724928040464e-01
9.757708135024728557e-02
5.891487832485445275e-02
9.792979647659114106e-02
1.257476495386032067e-01
1.224442668324290107e-01
1.565213114979691345e-01
1.040673393880359593e-01
7.266298073893856513e-02
-8.149377139574553921e-04
-6.918595055262136140e-02
-7.131704308679706616e-02
-6.846998844896877434e-02
-6.246242114388821792e-02
-6.768241964167803770e-02
-6.389252606159878667e-02
-5.823148356449252966e-02
-5.193527679072904024e-02
-4.501454341776625623e-02
-7.999745053858009144e-03
4.909135939930801829e-03
-1.753032422644972346e-02
-4.242191017557381955e-02
-5.603535403003859910e-02
-2.256875042122683667e-02
6.324788688881247643e-03
-4.574676959255482948e-03
3.688711320204487304e-02
2.478444103138612714e-02
-3.089608771654907618e-02
