1.043029680651186460e-02
1.013668202170564699e-02
2.946679443022037770e-02
1.789923781690212030e-03
1.062978156050214951e-02
5.494028211687892321e-02
3.469257223021190301e-02
3.945536682120800304e-02
3.140656029917498343e-02
3.872247119182663927e-02
5.945882588575344962e-02
6.288013340333052648e-02
1.092847853135853059e-01
1.292841669790639192e-01
1.300052700679825146e-01
1.191652973620911105e-01
6.743742481070422179e-02
-3.287055187518738569e-02
-9.255188880548571861e-02
-1.276898832327461042e-01
-1.237196234429314562e-01
-1.116560301008029110e-01
-9.050328828369889889e-02
-8.108117063040187755e-02
-9.132327279139816623e-02
-1.120388180290338709e-01
-1.046684032007112464e-01
-8.375718496320731787e-02
-3.715800974979061727e-02
1.116089456108017297e-02
-4.261836711356103979e-02
-8.141072125529187631e-02
-1.052401105772603762e-01
-9.560859360958952335e-02
-3.946324649718835342e-02
-6.404267899069088221e-02
-8.377102591507921969e-02
-5.049653198101190787e-02
-9.112969588220960065e-03
-3.631621432029641383e-02
-1.983970882277354304e-03
1.399010536314964671e-02
9.794503657894720883e-03
-1.036332726723773745e-02
-7.109044879472716134e-03
3.493640516540362506e-02
1.900577118909179200e-02
2.199179622641938073e-02
2.892010638057691124e-02
2.690907531448722897e-02
4.779974373512647923e-02
4.062276101478499296e-02
1.000280836450879590e-01
1.157299888887398376e-01
1.243245458154078609e-01
1.246518670764866638e-01
8.005007212525834526e-02
-3.023861399496980545e-02
-7.770904678270706967e-02
-1.164950841326011788e-01
-1.228549229413092164e-01
-1.118572062369511955e-01
-8.936529566437333150e-02
-8.715180706301386970e-02
-9.653423469586851213e-02
-1.038052364689046325e-01
-1.089548593135031829e-01
-8.275598988541869871e-02
-3.467852265029462699e-02
3.151096442680844604e-03
-3.707522461768451849e-02
-7.052165035816132521e-02
-8.810402077172083124e-02
-7.862346736597172758e-02
-3.385817114252182708e-02
-2.911983902104219035e-02
-6.494680149990621210e-02
-4.610739793639736378e-02
-1.741796821254448444e-02
-3.851086493658576609e-02
1.781974935762464015e-03
9.208907305072034158e-03
7.802591365500459973e-03
6.123433354155603456e-04
1.094865655014211521e-02
2.271679899786170631e-02
4.111675054453631240e-03
2.884480442685434867e-02
1.247911522930364274e-02
2.996970689997066270e-02
5.673566902352371322e-02
5.161429509385400544e-02
9.647606044710095585e-02
1.047322914336380334e-01
1.166072397316583187e-01
1.211588610911572689e-01
8.704758104440971089e-02
-2.002640583111876121e-02
-7.979483828248569444e-02
-1.168683703790425743e-01
-1.224731754977345238e-01
-1.095615079826214172e-01
-9.392640944627328459e-02
-8.998460299720605071e-02
-1.100888989713417476e-01
-1.034537484663668461e-01
-1.049859251167407775e-01
-7.109230313340755836e-02
-3.550785625046996852e-02
1.382565215602278054e-02
-4.093327730726934593e-02
-8.450987522421758713e-02
-8.232011265229768893e-02
-7.425749130400026432e-02
-4.750674377958784278e-02
-3.201697524544094148e-02
-3.840494855482692871e-02
-5.592280445680285206e-02
-2.476006433208105886e-02
-3.221178145982291768e-02
-3.857267883537032326e-03
1.477434387155073317e-02
2.660041193315333501e-03
-3.473026879880162805e-03
-4.431487278568698937e-03
7.227962688815933213e-03
-8.977350724734519186e-03
6.145962604499079739e-03
8.697806805737723704e-03
1.685414278151404696e-02
4.983892965256934288e-02
5.132763402426437221e-02
9.017801758565051340e-02
9.906850678974202240e-02
9.837417421622604574e-02
1.095764369670664956e-01
8.968257419778845330e-02
-1.826511477675307055e-02
-7.875891416405175760e-02
-1.104112765923322831e-01
-1.179201140878136378e-01
-1.136472538945695054e-01
-1.031227174788921369e-01
-9.494613270254140258e-02
-1.141973697619587391e-01
-1.141161577212779221e-01
-1.023522462651355047e-01
-7.663429491639446589e-02
-3.515895090466131245e-02
1.239709973187788465e-02
-3.039169835273606082e-02
-7.424716899684345728e-02
-8.479923290869675889e-02
-8.981737856244573215e-02
-4.993165990498246720e-02
-2.153442753838937657e-02
-3.215739154852116644e-02
-4.218764421443626372e-02
-5.418553975790520866e-03
-4.733263677758844934e-02
-1.186427308168063952e-02
3.810449434304010005e-04
1.066122676558920769e-02
1.917964979425726413e-02
1.070245110642252355e-03
5.190478908274579785e-03
-7.017164474435583048e-03
4.758017661009445592e-02
2.915243461089525156e-03
2.175120790162883588e-04
3.832869502510170834e-02
4.116584831085028096e-02
6.773278946511832044e-02
9.353862171594046204e-02
1.071207585805054735e-01
9.926611374601027049e-02
8.881321185082860503e-02
-8.886999019021766394e-03
-7.836026518550497089e-02
-1.049163870797708564e-01
-1.133272072046371121e-01
-1.019225605140329366e-01
-9.679648282985234276e-02
-9.006983886771841030e-02
-1.042525117251953126e-01
-1.129695373491917537e-01
-9.950773498945912621e-02
-6.983255478653943582e-02
-2.288944068445398008e-02
1.253495328796442806e-02
-2.545729713095826879e-02
-6.908401044092567223e-02
-7.039780906760408075e-02
-6.921781341149277345e-02
-3.905478967477499924e-02
-3.017196479953913185e-02
-5.200342306268060377e-02
-3.885719013464652982e-02
-1.669238053685363418e-02
-3.789797673629783509e-02
