2.542713697629950600e-02
3.361524547307162547e-02
3.494646636769170589e-02
5.353997396795395249e-03
-1.087483667994564723e-02
5.116541189583174998e-02
6.927125942555495408e-02
-1.126289507319424253e-03
-1.517618339903224235e-02
3.258712526581338670e-02
3.927286412215153649e-02
5.039333454962951347e-02
8.340424921144515280e-02
1.284158056458702402e-01
1.202249368803084140e-01
1.295511486372737942e-01
7.228643107835282244e-02
5.842025740699398340e-03
-5.813023131445742980e-02
-1.063624696663319907e-01
-1.592064705778422906e-01
-1.535799423813805908e-01
-1.314558974319915419e-01
-8.865957820502663733e-02
-8.420522925478235443e-02
-8.740221140874038230e-02
-1.067856219243566718e-01
-9.653718177871407902e-02
-3.832547901818852965e-02
1.786114965908840863e-02
2.773095072948238149e-02
-3.223917397784140885e-03
-1.373837701145342628e-02
1.221958627177784258e-02
2.741977168288213529e-02
9.502422117687385830e-03
-5.354337172028719206e-03
-2.710376838684811635e-02
-2.470561962571359710e-02
-4.905303557308289542e-02
2.756437398060580107e-02
3.580922252569457287e-02
4.750924024030596382e-02
1.682663421755192443e-02
6.609103714840479198e-03
5.843365199692646811e-02
7.283256143516410319e-02
1.296576143941910626e-02
-3.971669613225686096e-03
4.310865942312452209e-02
4.603651015624121018e-02
4.674441292925098773e-02
6.434009901381160246e-02
1.311932944272753421e-01
1.379048286801569656e-01
1.467342791115482104e-01
9.330915771738852726e-02
1.203344661634299720e-02
-4.990645720635925042e-02
-1.100288408403910095e-01
-1.508229499952337960e-01
-1.358286623286169004e-01
-1.109920427386299341e-01
-7.285137351960696561e-02
-7.238132947113963545e-02
-8.858230034599136327e-02
-9.962226117508908574e-02
-8.128893753993732263e-02
-3.606807856552333991e-02
2.292328688618218771e-02
3.626375669941057922e-02
1.804826423416203834e-02
-1.694796916599403298e-03
-1.275895407692886549e-02
9.535257852999410580e-04
-6.457301283388785888e-03
-1.839263724154133889e-02
-2.642934714051036957e-02
-2.002084879988296970e-02
-4.252163368281871442e-02
2.941984549730138412e-02
3.110190770617034944e-02
4.590386812401368172e-02
2.491893123951506236e-02
-2.062958002118894449e-02
6.145105167803779911e-02
8.403726171157809011e-02
3.567803018092724487e-02
5.212910148027554043e-03
2.964499526851637617e-02
4.590462792558005350e-02
4.006750266111872016e-02
7.177650753570878617e-02
1.405125786688829481e-01
1.207123551582389015e-01
1.390005706112017181e-01
1.049058263042308980e-01
1.481322213230885053e-02
-3.746975694789037720e-02
-1.157921644625576202e-01
-1.614993763764927537e-01
-1.442365257595648043e-01
-1.053161676819104747e-01
-6.505667582606972088e-02
-6.224264907282450743e-02
-7.524168275708173481e-02
-9.077423545263772764e-02
-7.530782738317912117e-02
-4.125340985668033561e-02
3.490528846853691025e-03
3.347924241337844886e-02
-3.146172197048523363e-03
-6.722199655049190987e-03
-8.186698140916303865e-03
6.588538057853621753e-03
2.315057101115231344e-03
-8.902703041530818373e-03
-1.341237132671954310e-02
-1.933517517322411519e-02
-4.769799349196074401e-02
3.787141668245796317e-02
2.792612012776232375e-02
4.515982367516994944e-02
1.430956708050268485e-02
1.512001270318180397e-03
4.934957993364273016e-02
5.766139840785200477e-02
3.839557446114460343e-02
6.490957359628698672e-03
1.567293912733109043e-02
3.459051594458269208e-02
4.246508622784814224e-02
7.141805184368783810e-02
1.176994839240637636e-01
1.278224928873969712e-01
1.273167274264390136e-01
1.005357580916144827e-01
1.932821795917999408e-02
-4.348199546381836117e-02
-1.177215658713229446e-01
-1.572781145871730013e-01
-1.514207060563093343e-01
-1.177616814754231245e-01
-8.014673457939523737e-02
-8.170276462614282920e-02
-7.950329033324264605e-02
-1.070502958985836417e-01
-8.409746009558094482e-02
-6.941059899432533431e-02
1.333086224148120544e-02
3.118843582284006738e-02
-3.328684386859408813e-03
-1.563969094007795768e-02
-1.783833016359497037e-02
-1.250676227034396189e-02
-1.642339577164230249e-02
-2.315842071658002349e-02
-3.431872500807649218e-02
-2.208580498847908039e-02
-4.581805948922414856e-02
1.253400336455197904e-02
2.713961520536299285e-02
5.017802633119767403e-02
4.668659109816492708e-02
-1.416092367475772253e-02
5.725110027675704011e-02
5.614833527482268605e-02
1.446713175355091897e-02
-1.149629976995539607e-02
-2.911516820504461527e-03
3.376085180514257211e-02
3.612507048768587997e-02
5.586988097514637014e-02
9.279410492208661765e-02
1.199876242457406650e-01
1.324256943166911282e-01
9.984374402257431558e-02
2.054772217457801267e-02
-5.079483705796839638e-02
-1.227965872231812361e-01
-1.616329650877885438e-01
-1.428180349539415472e-01
-1.230676770120009977e-01
-8.944179718823007386e-02
-6.677363268573303923e-02
-5.885609696360497023e-02
-8.826617008152580490e-02
-9.195584492358743756e-02
-6.659519309580126667e-02
6.997226850532600566e-04
2.592518007868880800e-02
6.908798900737502663e-03
-2.857103414179829048e-02
-1.045968207230495162e-02
-1.049897748979379541e-02
-1.738773453249408199e-02
-3.626706794844891234e-03
-2.513179784819330811e-02
-3.532436376579450171e-02
-3.786696929410950790e-02
