1.248378100488233521e-02
2.344197863870648921e-02
7.074478160720878983e-02
4.335790846783325880e-02
-1.186562215021278420e-02
3.907849426429656908e-02
3.496600338546865944e-02
3.610913651861541451e-02
4.649252158913840666e-02
7.718552658488579687e-02
1.047680190234920872e-01
9.846449254845203447e-02
1.143642011031908989e-01
1.463390284713343703e-01
1.735355230983519903e-01
1.853017047562934283e-01
1.559841153993874463e-01
6.259325781381872011e-02
2.792293256799048204e-02
-1.211959632615295865e-02
-4.898772246658657237e-02
-6.194669961434458999e-02
-7.272132714284965105e-02
-8.254825726939654662e-02
-7.472100654049151913e-02
-9.245629145698498752e-02
-8.927480441144165779e-02
-2.259145220893373635e-02
5.359453912335938180e-02
3.724604099526813983e-02
-4.235074858536527070e-02
-6.932922735731386621e-02
-1.785518289998116320e-02
-2.945501947678860755e-02
-3.135047706945569279e-02
1.450138569379580238e-02
4.293078138229590446e-02
3.969704593564757356e-02
2.592563017827025085e-02
-4.923188159865680980e-02
1.698419933968304402e-02
2.115531756891591078e-02
3.555020665924833040e-02
4.320107675711659656e-02
-1.543312133110981074e-02
2.894298910929209157e-02
2.420700154039022098e-02
2.644426434098099202e-02
2.620421087550344266e-02
6.045024544192152682e-02
7.656636902100574793e-02
1.096510437116293701e-01
9.349144946541537715e-02
1.212692561465305019e-01
1.716820346986763501e-01
1.920236624442547835e-01
1.557018037318474435e-01
7.357312796476649097e-02
2.036664520842503684e-02
-1.389628158184457764e-02
-5.099737938219613825e-02
-7.233997415981044399e-02
-7.779193571557026232e-02
-7.559771608563546630e-02
-7.495600548768084626e-02
-1.006979580457474099e-01
-9.026764537816206468e-02
-1.720994068179855507e-02
5.922425120448952113e-02
2.970635250695316532e-02
-3.161048237450887061e-02
-5.508238039519262191e-02
4.221660941392130391e-03
-2.386168059022326926e-02
-3.781426795092294318e-02
9.502142595083482371e-03
2.660208042136475923e-02
-4.885770513028548897e-04
3.369335338201410665e-03
-2.873248039712127458e-02
1.903839708965913589e-03
-3.414570213924052189e-02
3.688872105401082291e-02
1.971318466281383325e-02
-3.467669373330619503e-02
1.751818890531355727e-02
-1.151967350987118631e-02
6.165768762823784464e-03
2.990427043778184912e-02
4.088427987712171807e-02
6.352795794206630986e-02
8.780453887104293365e-02
7.459540223701612016e-02
1.036142323850023222e-01
1.537920175660520694e-01
1.860330373667668513e-01
1.516153580240145182e-01
7.895878511023976531e-02
1.826503285943906901e-02
-1.614609853555367541e-02
-5.203782358973940009e-02
-7.579190308787042696e-02
-8.131060320966294885e-02
-8.242579850536178865e-02
-6.972371250436590340e-02
-1.007075988010604495e-01
-1.025255249025642523e-01
-1.761910056905990202e-02
6.226397988541004791e-02
4.892732765988610372e-02
-2.125214253592363697e-02
-6.214552835031984107e-02
3.153739607071186311e-03
-1.576803263498572499e-02
-3.208983595327994515e-02
-9.688333375370691489e-03
1.653820054005690834e-02
-3.396960121742062261e-03
2.302604558943948873e-02
-8.680493402293872757e-03
-2.238842474707404551e-02
-2.493470663728412223e-02
2.188625909188448085e-02
9.047910764618680374e-04
-3.028635653299768457e-02
2.829955118921211391e-02
-1.699880755358259415e-02
2.516613355225589405e-02
3.290445480884458124e-02
2.615746003167611008e-02
6.363691444092364757e-02
1.108093532362316308e-01
8.363003036098451415e-02
1.064263986937690060e-01
1.463931267163526284e-01
1.994102333209194500e-01
1.672817414656231905e-01
9.210831789901270661e-02
3.637921790667345695e-02
-2.621484466832188238e-03
-4.527416083536386915e-02
-7.007963466603900349e-02
-7.246944298508774251e-02
-6.522593941820903352e-02
-5.891473126922349562e-02
-1.059910930607116802e-01
-1.036484158232332808e-01
-1.480720729047490906e-02
7.174547962897447062e-02
3.998367078024533949e-02
-1.771927305906713379e-02
-4.931933157390151756e-02
-5.566137128099311188e-03
-2.376191818315915791e-02
-1.610204848359265278e-02
-1.075033030150836580e-02
1.310136736948550908e-02
3.290296417558325609e-02
2.946230558501808719e-02
-1.680482641610525976e-02
3.121433008205542863e-03
1.436783354899040174e-02
4.059280849590457541e-02
8.987028235303916313e-03
-1.944587591880676813e-02
1.190323077517515919e-02
-5.388346540673716323e-03
2.764434504810030224e-02
4.804116070350810536e-02
3.765188274222843606e-02
8.061745766625270926e-02
8.226723453779537232e-02
8.142431344592200582e-02
1.018474287528005340e-01
1.446296242549449940e-01
1.881071846548841575e-01
1.754403626926328841e-01
1.059887226862801513e-01
5.246666987409725341e-02
2.241132096428251081e-03
-4.200429615524932381e-02
-5.879025298341625932e-02
-6.226747677367709677e-02
-5.398290542156187338e-02
-4.043620738688845362e-02
-7.769476063279920353e-02
-1.024727479313808920e-01
-9.141701968683841814e-03
7.852226035896944789e-02
6.101834011021816523e-02
-9.486021256341327368e-03
-3.252343274679313917e-02
-9.582628405137258096e-03
-1.657901070381940026e-02
8.618909363331333021e-03
8.920028998889177954e-03
1.389400204419254103e-02
7.310792622438082311e-02
4.510688703428202689e-02
1.283155713099357357e-03
