3.644411950927451543e-02
5.580998887925082280e-02
7.390572473011139572e-03
4.200348666921846497e-02
3.986585211742846302e-02
1.037945385534257831e-02
3.477270852933339595e-02
2.516826771401201729e-02
2.608978870885138301e-02
4.433183189890308601e-02
5.255927442043369785e-02
4.770616755479434312e-02
1.007917896568599203e-01
1.288944849303918505e-01
1.602600436466236344e-01
5.745436295210525762e-02
-4.810964589747535741e-02
-1.174749837907711758e-01
-1.316633135027407697e-01
-1.360679482550173347e-01
-1.288643466731891618e-01
-1.083914721298334660e-01
-1.107053820918191822e-01
-1.211620830537134402e-01
-9.064903777636393323e-02
-3.051345341923385884e-02
-1.689048672281459607e-02
-1.631883592322047258e-02
6.180263113332595988e-03
-6.584102023140653553e-04
-1.745757168147232807e-02
-4.340645251685044947e-02
-4.027778134756637707e-02
-4.119322635026990975e-02
-7.693239532860540741e-02
-7.182108154965079205e-02
-6.390889934149404650e-02
-8.136904929118858598e-02
-7.920217868304930964e-02
-9.532053946677573886e-02
1.067571981571630024e-02
3.907375654339349108e-02
2.645579609642687707e-02
2.044580259024451896e-02
3.058244530312177398e-02
2.308296662119010273e-02
1.844785280299385613e-02
1.766369858787779010e-02
2.761768220297138726e-02
4.721484906214418881e-02
6.945819434820797722e-02
6.216379277888079563e-02
9.675455581257796922e-02
1.085149039339298183e-01
1.379931387862899095e-01
5.492938074694601186e-02
-5.901942638172452682e-02
-1.190139826339767920e-01
-1.271638834369186177e-01
-1.246626127939664402e-01
-9.551141898636951455e-02
-1.118175816334784911e-01
-1.049119441670576941e-01
-1.137381813739365283e-01
-7.242918180426599628e-02
-1.548406165240818685e-02
-1.141419429731767299e-02
-1.092455503468264637e-02
2.381547911411904458e-02
-1.970641894490081369e-03
-3.307750541523694909e-02
-5.237309205930215650e-02
-5.043821873061184874e-02
-4.933098767337824875e-02
-8.669966175721172119e-02
-8.202783463171461897e-02
-5.638289651579937722e-02
-7.508999447140991823e-02
-5.683625821324436722e-02
-7.966394711336212409e-02
3.237111096956973855e-02
2.278409908079240612e-02
1.625360503893752417e-02
2.373512544392410856e-02
2.322478779770732749e-02
1.674554686220599067e-02
1.402635471452918017e-02
7.242027643116637041e-03
2.532135412952889533e-02
3.748298125911393025e-02
6.130114321699741547e-02
7.219502730579797911e-02
1.070097402795901903e-01
1.268261289118216284e-01
1.509820256090692314e-01
5.357720512706345972e-02
-5.526399393357203649e-02
-1.192712725620011516e-01
-1.238850082842779671e-01
-1.066866220521285324e-01
-8.822754414745619111e-02
-1.163977546800083751e-01
-1.008982287928996829e-01
-1.243590269850310681e-01
-7.444400963670204374e-02
-1.745526430431263917e-02
-8.295234495444588421e-03
-1.464455686286367242e-02
-4.901607280340834413e-03
-1.249948938999775362e-02
-3.395074887862202517e-02
-4.143032868054093154e-02
-4.494790292377184165e-02
-6.368387144530489319e-02
-1.063933187814246756e-01
-6.344971689501933965e-02
-5.553530719443405123e-02
-5.732155515260631967e-02
-5.176956479108558995e-02
-7.735692395623319784e-02
1.527920179613045243e-02
3.152727125222373750e-02
8.069539621870966753e-03
6.908643971642839006e-04
1.346207500272750962e-02
-7.572171531039318358e-03
-7.439396300192893142e-03
3.398131056920134386e-03
1.434898668832541337e-02
3.154619114156174270e-02
4.840921552438888498e-02
4.563899490920104995e-02
8.270353220861792476e-02
1.320643871951537041e-01
1.463912122124996218e-01
6.778934434804734233e-02
-6.336607129339148770e-02
-1.315951852789572218e-01
-1.382271880274018316e-01
-1.214354268855488694e-01
-8.461221667643954725e-02
-1.131101599336822583e-01
-8.841756770095551832e-02
-1.007708898967928507e-01
-6.470962813299403760e-02
-1.616351165089681538e-03
-1.032368394698033633e-02
-2.423617837740887904e-02
-3.314911125340126025e-02
-3.151738764245273078e-02
-5.983596612915322716e-02
-6.107498780371620889e-02
-4.870327678782673808e-02
-5.877249234940918471e-02
-8.529404575317822701e-02
-8.359164556080847519e-02
-6.583707784125220064e-02
-2.591230560074084949e-02
-4.292310017794984112e-02
-7.207614109635170074e-02
5.475650266828498147e-02
6.440579453982932939e-03
3.358482227986000612e-03
7.921762284123513506e-03
-7.312262028398564678e-03
8.826094530758816711e-03
1.962238678555667734e-02
2.510709539169799984e-02
3.463814255941499026e-02
5.160016006589687731e-02
7.711081562809164736e-02
6.483902411364773910e-02
1.091275247500181206e-01
1.295944843545355496e-01
1.408499619582735674e-01
1.040757881423800824e-01
-4.715770707964050262e-02
-1.302034023684930375e-01
-1.306344195473822245e-01
-8.551674046224107262e-02
-6.551836688363300853e-02
-6.174476510471253732e-02
-6.295520244790266118e-02
-6.585355025057983147e-02
-5.913678685447490424e-02
2.256985453000182485e-03
1.006621087348763717e-02
-9.593182026705206200e-03
-1.736673730727658974e-02
-4.192294847888373976e-02
-4.902780233524312720e-02
-4.311812687626202095e-02
-5.162912163207641902e-02
-3.991083046193358297e-02
-3.963986456756418003e-02
-6.528727301246689541e-02
-4.203471165769207679e-02
-2.269582779719574520e-02
-2.466241446530017395e-02
-5.191858113889091103e-02
