4.553285562725570279e-02
8.611375040126449665e-02
3.791053594248280922e-02
2.588595083404120201e-02
4.795567132604044297e-02
5.631204451069252159e-02
5.819796789373135604e-02
3.969667212684776375e-02
4.922464555398042146e-02
5.533715999170744915e-02
3.703550833830689809e-02
8.279262727127732757e-02
1.136713618393213193e-01
1.645240087855609490e-01
2.068295988319023282e-01
1.179719272665137597e-01
-9.412933334272349448e-03
-6.888489329195987554e-02
-8.004333377841919839e-02
-9.774076274274214049e-02
-1.091568280404368180e-01
-7.258332946494884530e-02
-6.748968818815191673e-02
-3.354899092006029954e-02
-6.323452143405711157e-02
-1.079972525946166356e-01
-8.163460204948659593e-02
-6.156734811880995584e-02
1.551576824028119868e-02
1.171172864706405449e-02
-3.333157490242964066e-02
-2.754120502258268488e-02
3.132905110049731545e-02
4.751439993579253951e-02
4.828556931465324137e-02
1.692645139424013567e-02
-3.137979951848948040e-02
-6.575818680397985116e-02
-1.061702371867555145e-01
-1.103039421820575239e-01
3.455953602648500350e-02
5.939983813027961690e-02
5.632083091825433596e-02
1.151045788179482117e-02
2.213450695556695019e-02
4.795404904896755777e-02
4.134071395625153744e-02
1.932756450025543971e-02
4.410766929402323844e-02
5.320335035620094022e-02
4.725006991337753204e-02
7.775880164095710922e-02
9.245520133202778101e-02
1.436869610588087376e-01
2.043441425282409019e-01
9.849015019636805923e-02
-1.179673017156571482e-02
-7.581538303366446019e-02
-7.672673959744190364e-02
-9.163529490693102242e-02
-1.006244220954829183e-01
-8.165938981387661777e-02
-7.427105234664982403e-02
-4.600697752871506230e-02
-7.652864544503182320e-02
-9.862434012947085549e-02
-8.008062273420409050e-02
-6.522982267880444995e-02
-1.498689051557878203e-02
-7.091255410717606060e-03
-5.492246017616365938e-02
-4.731325767669971455e-02
1.467367695421645940e-02
4.166270816528017118e-02
2.146713993992521372e-02
-5.402190487212217042e-03
-3.281915316973691571e-02
-5.749297586373627172e-02
-1.072519686239138265e-01
-1.035189607961369274e-01
-1.500524483905796335e-03
5.310452885513346211e-02
5.794346720115750582e-02
-2.808713820024525201e-02
5.750455950560115666e-03
5.544967091474571619e-02
3.086366668876437680e-02
7.641562714109507819e-04
3.475279325079320969e-02
3.974707600416835934e-02
3.698019380482587409e-02
6.779917411967632812e-02
7.577733230889406590e-02
1.200955687841760849e-01
1.884131154540898134e-01
9.244656750057068939e-02
-5.071525502195192020e-03
-6.841731789958552246e-02
-5.876191320427177900e-02
-8.152843274858090350e-02
-9.963621477496927004e-02
-9.133177626951094474e-02
-6.865021049550752708e-02
-4.899097621249361850e-02
-7.229508706262660622e-02
-1.033969484201414379e-01
-9.558807715423738027e-02
-8.891309258310199637e-02
-1.202821884985355583e-02
-3.017562473538594817e-02
-9.436620224431394033e-02
-7.543632777686970492e-02
-9.037415844217643740e-03
3.596077977671373327e-02
1.564922350386880115e-02
-1.826118183536810588e-02
-6.756318287149272461e-02
-9.150616090699796590e-02
-1.051992062045063042e-01
-1.146235248758890324e-01
-3.116416969331070250e-02
5.242014983480226820e-02
4.431663398306852353e-02
-4.710348997441357599e-02
-8.622120824416054999e-03
7.018919816788143917e-02
2.806182931359183994e-02
-5.648540273943678143e-03
3.613270812979459123e-02
1.793873000529579501e-02
2.229585593105886526e-02
4.919721894005055218e-02
6.495114161651591167e-02
1.098369314466985658e-01
1.857328187272014597e-01
8.740597977242803296e-02
1.413061125339793930e-02
-4.252655185618289813e-02
-6.846897731643333818e-02
-7.556797921495894688e-02
-9.341894380988506608e-02
-8.800142284063242060e-02
-6.967616598658830929e-02
-3.863977196930029612e-02
-6.465611621637645801e-02
-1.016702876704804193e-01
-9.260585934912911321e-02
-8.798684903390678602e-02
-3.136448618038284453e-02
-2.619116775164977151e-02
-7.401928132307906971e-02
-5.962534994482398404e-02
-9.614422815361180555e-03
2.845633232860851972e-02
3.182080229577893913e-03
-3.297298333702278900e-02
-4.801806314653125907e-02
-7.967589822789745979e-02
-1.093597792635623844e-01
-1.074985913407702498e-01
-2.007728183762280856e-03
4.421607004196925067e-02
3.711754603740133329e-02
-1.856502714862682049e-02
6.595931502323296863e-03
5.065716603548141989e-02
2.614686859178616454e-03
-5.039805817839914347e-03
3.523137133093257739e-02
1.537967101746048025e-02
2.134752253029544716e-02
3.620836647525201013e-02
7.468152815597629834e-02
1.209887194175124081e-01
1.754478966577482923e-01
9.604958124092635718e-02
3.407335339386773770e-02
-1.664949709268589984e-02
-6.846522045841171855e-02
-8.763288249342857106e-02
-8.697697082432040427e-02
-6.066995037434522869e-02
-3.961241480500918982e-02
-1.397265452910194383e-02
-5.316432161163093389e-02
-1.024918219869891539e-01
-8.132116322633427263e-02
-6.625920681550533098e-02
-1.862361223834708892e-03
-1.663022781893610039e-02
-4.682965147480177420e-02
-3.742948623252539270e-02
2.266466636501114282e-02
4.794131842693195172e-02
3.300402371553343150e-02
1.025300117861537540e-02
-6.399977097397683938e-03
-7.216929282284341440e-02
-9.634654627829040974e-02
-7.783540001700688105e-02
