3.001972048712432672e-02
-2.929737926227098024e-03
1.279680123229339980e-02
2.658138537299678181e-02
4.446184511296200070e-02
1.312088794608520792e-03
2.419259580656496836e-03
2.960248189792322876e-02
2.223125484853004374e-02
3.942997537952244724e-02
3.772045495165410323e-02
2.984515112238330173e-02
4.713275397790653298e-02
8.570340941138679391e-02
1.402916792148628522e-01
1.936307347659660394e-01
1.618811152711479018e-01
7.559709392815221196e-02
3.184291587066149370e-02
-3.619322324578775479e-02
-7.691412427190037759e-02
-8.825915012805450599e-02
-1.061978226258541991e-01
-9.374592871849990461e-02
-8.206690569212721220e-02
-1.046803200976132442e-01
-1.146841058792566481e-01
-9.010051158781527680e-02
-6.635966132463894107e-02
-1.496680418394139706e-02
-2.790276123040481403e-03
-2.993479479213878580e-02
-1.012792201743973330e-01
-1.008097516130496279e-01
-5.343186438183003539e-02
-3.527090033231367050e-02
-1.920529420955746983e-02
-3.958995139160570442e-02
-7.610537302895312682e-03
7.879648661182462894e-04
3.153671513394647186e-02
2.481602887716546392e-03
5.915991857033244070e-04
1.159237923851855374e-02
2.286560720648463454e-02
-2.281274611984202699e-02
-8.059834734628431099e-03
1.187960215655902395e-02
1.363754196560913387e-02
1.827043784940022078e-02
2.815549028975423279e-02
4.893491843634233812e-02
5.820061703886513643e-02
7.658409124655603251e-02
1.146804860895359879e-01
1.660711458547041719e-01
1.558276202908463748e-01
6.798111294974355789e-02
2.010675456662313135e-02
-4.022789228587764915e-02
-7.829589576081631697e-02
-8.792083892241074616e-02
-1.234186280477957975e-01
-1.091749301434240677e-01
-9.045554674123175432e-02
-9.773331162004290917e-02
-1.065575933132523051e-01
-1.011802849710253110e-01
-6.349097566874049858e-02
-3.212714042735338033e-02
-3.691343084764424787e-03
-3.747052514875767043e-02
-1.062962795747080663e-01
-9.488501439450955366e-02
-5.328480108891047590e-02
-3.255022435571520989e-02
-8.274528582121850467e-03
-1.843476880076216212e-02
-8.264882668767766297e-03
2.966781922265636622e-03
-2.040636068982207285e-03
2.089378295799299793e-03
8.277496577530376459e-03
3.508432586339032405e-02
3.471294204504270925e-02
-2.226325133085354374e-02
-1.367605959245638166e-02
1.357016259844663793e-02
7.730710858039719149e-03
3.659040442493314421e-02
3.277235169186477198e-02
4.473910221836563395e-02
6.682086927308994451e-02
7.768667652324300066e-02
1.126809688357405248e-01
1.752911112132986837e-01
1.652794101122309067e-01
7.875241204513641624e-02
3.391695718988622932e-02
-2.505546437139336002e-02
-5.990708992016903489e-02
-7.780304330026653614e-02
-1.119445202439539461e-01
-1.034016729586677980e-01
-7.846760088067190886e-02
-7.931598467281859854e-02
-1.049903393263057622e-01
-9.527939702977884784e-02
-5.575995971372461890e-02
-2.449890297852257495e-02
8.989981558156227154e-03
-3.093565788912843589e-02
-9.626968227967853953e-02
-9.560534284374784531e-02
-6.684663476450265762e-02
-3.199432227276299140e-02
-2.368908503737005011e-02
-1.839310376056701307e-02
-2.291579094112870113e-02
-1.354477185207710391e-02
1.329341605982315745e-02
1.421999119885670147e-02
1.573969662826109686e-02
2.576444891463796488e-02
8.429186697723283633e-03
-2.749271879464102310e-04
-1.792491067123727980e-02
2.784750948304955814e-02
1.304884404400508645e-02
2.781609358551638198e-02
3.400904464763633561e-02
4.859431015255467889e-02
9.183944585119017956e-02
8.135815921439043530e-02
1.078583043252480944e-01
1.595909264264520622e-01
1.639954712821004856e-01
8.739905650118144631e-02
3.678526077503815189e-02
-2.072759709179058593e-02
-5.595755266665590477e-02
-8.014353908402795101e-02
-1.088417491083440991e-01
-1.192673302915897987e-01
-8.648835033072242717e-02
-8.239517679404542716e-02
-9.323551803929240600e-02
-9.045432842043531207e-02
-6.971009586673813929e-02
-4.359813126031226310e-02
-2.693950590841941509e-02
-5.841650373257190054e-02
-1.074169982278247171e-01
-9.143600274958345320e-02
-5.398802320665849197e-02
-3.001822499014333498e-02
-2.304524673605191573e-02
-1.281529656412672483e-02
-2.727334164134177091e-02
-2.804423903038340271e-02
4.243524383052330734e-02
7.384905969060170418e-03
3.459919496820768742e-02
3.330638361498568234e-02
3.771582905975973815e-02
1.067364569408857378e-02
-1.646587844556366212e-02
3.480285378106777461e-02
2.322538999087365302e-02
4.140319185054795736e-02
4.431362270302186684e-02
2.890640516834920223e-02
7.973965148932840585e-02
8.135250584507708327e-02
9.795925828235811650e-02
1.431322620758765929e-01
1.534726348715156619e-01
1.008464229868123174e-01
4.920200176923986146e-02
-1.090784683406257824e-02
-4.702230590397119686e-02
-7.162568680562425572e-02
-1.009479777151490870e-01
-1.106479562394798860e-01
-7.398344412720057883e-02
-7.762550791410810502e-02
-9.779286016266136583e-02
-1.005550761616829103e-01
-8.563256090630756712e-02
-5.627522466166450660e-02
-1.179986453945924829e-02
-4.862320918967103639e-02
-9.242854794345901903e-02
-7.579910249597765493e-02
-6.684822446741445212e-02
-6.177631563465479231e-02
-5.611969764593779941e-02
-4.082256097823864366e-02
-3.205768494686739301e-02
-3.241645924986267385e-02
