1.582473203115437529e-02
6.372814453113612165e-02
-8.212322302661325887e-03
2.739814859001965877e-02
3.862538469619975628e-02
-7.327458470636456257e-03
-1.556369049019518417e-03
5.304431195822904149e-02
3.694764262789277526e-02
5.196424025959827525e-02
6.917296194736409498e-02
6.194665968120670330e-02
4.771096850270212242e-02
1.132459567730933481e-01
1.463331544024894793e-01
2.081008243037138494e-01
1.674345672983956201e-01
7.570231319318505847e-02
-6.914604574883957688e-02
-1.216880961837187858e-01
-1.440873930842478390e-01
-1.574504736925745885e-01
-1.100467967818292703e-01
-3.643343967799340249e-02
-6.690826920463438521e-03
-4.938906713726740061e-02
-5.265373578127985343e-02
-3.748546811007374968e-02
1.565086050026009198e-03
3.744833130986590514e-02
2.527795280318222149e-02
-1.754629495141670284e-02
-2.530679980847395233e-02
-1.823039522916294897e-02
9.635344461797108045e-03
4.103178404943141899e-02
3.682862769006347431e-02
2.162361551354741868e-02
5.453208756355590325e-03
-1.635490966642528469e-03
-1.054484711741501130e-02
9.677873283910242569e-03
-3.482871290591981698e-03
3.337097992130393098e-02
2.913974201285054327e-02
8.426559571807983040e-03
2.589407331045562657e-02
6.609608839979014272e-02
3.967536711265298027e-02
5.930117838982964379e-02
3.105187180699803262e-02
4.777798724889239373e-02
4.057263146049076147e-02
8.715729265548254057e-02
1.305374460694429528e-01
1.929082850070840682e-01
1.579747762261612676e-01
6.142444487790404278e-02
-8.007708649013794977e-02
-1.159432937604413655e-01
-1.575349570721383541e-01
-1.663178829594435248e-01
-1.154828183666212205e-01
-5.234039131490708652e-02
-5.798628111818061870e-03
-5.245970759755620022e-02
-6.678749487944911356e-02
-5.222575318017235596e-02
9.568254549056412744e-04
2.766188717674128786e-02
1.130492772758513037e-02
-2.922767307210355145e-02
-3.872942586760116240e-02
-2.240723481587019589e-02
-5.167277455530775929e-03
1.122274742218509758e-02
1.436055231588856049e-02
7.248326764021686443e-03
-1.704471417440300363e-03
-2.235190054814445784e-02
6.839079296633164551e-02
7.909888453058736696e-03
-1.303093655646882405e-02
2.476961125920699655e-02
-1.240981594080987904e-02
1.287895943964066127e-02
2.544490613585982317e-02
6.761167498871836767e-02
4.230695756570679311e-02
6.074028189532195560e-02
1.960249808573354818e-02
2.881401739022667816e-02
5.278078849957103247e-02
8.180103334926627778e-02
1.009657195069059155e-01
1.709889891879715074e-01
1.658300591796424417e-01
7.372047966220349191e-02
-6.393790080942192422e-02
-1.117539692671669083e-01
-1.582049445540156252e-01
-1.651903692696999881e-01
-1.060365867585544020e-01
-4.313556105907168092e-02
-2.139817573431225528e-02
-4.893978212605602091e-02
-7.314663451489893109e-02
-6.129972193945230907e-02
-1.349424611047279725e-02
1.142153938649136460e-02
2.018721520683830484e-02
-3.068798397313015486e-02
-3.792042237008569350e-02
-3.952902935445409133e-02
-2.208163227631263284e-02
-5.486396987994731321e-03
8.431586092421557849e-03
-2.609808525133431450e-03
-1.630480757338498982e-02
-2.829754502090560744e-02
5.225926100419274467e-02
2.142692119508702274e-03
-2.331096832379009678e-02
2.842507004295966033e-02
-8.122249179074145925e-03
-1.157877986892247996e-02
3.263696172106775317e-02
3.239183345807220699e-02
3.301196544774743363e-02
4.576112723672109972e-02
7.313082377848827142e-03
3.471561941538137824e-02
5.213007762890352337e-02
6.295543925654434325e-02
9.953579258087978665e-02
1.826102704161370605e-01
1.609555357551800958e-01
8.220328158892779846e-02
-4.764928736794127317e-02
-1.008804469645232793e-01
-1.526510542451627872e-01
-1.542295538080326045e-01
-9.524800216577906931e-02
-2.373136882713217446e-02
-9.628071908427734277e-03
-4.015411718825604576e-02
-7.084874679994017377e-02
-4.703794912506389925e-02
-1.411234162104835210e-02
1.885020705195758137e-02
4.520897472281544018e-03
-4.061822326307119174e-02
-4.667803451079163835e-02
-3.383976499776122915e-02
-1.823848219010521313e-02
-5.887159694846994494e-03
-3.135237824090926929e-03
-1.969304926450303039e-03
-3.708920000534733814e-03
-9.576781241242310339e-03
1.972322032573899098e-02
5.368515308895861933e-03
-3.979540813085385292e-02
3.587070509197765739e-02
5.800710356688602853e-02
1.410782889005334287e-02
4.864701282495528106e-02
3.609700955903081404e-02
4.624205831825508456e-02
5.154307162285743510e-02
1.708108300669566870e-02
5.091908836291580281e-02
5.458233989912413681e-02
8.721153177091801878e-02
1.301851048900481145e-01
1.774762902413088428e-01
1.787576460565854508e-01
1.196472215514446102e-01
-9.582018483818252261e-03
-8.362831892087277397e-02
-1.199995156453769612e-01
-1.353536568377567695e-01
-8.317602043480123997e-02
-2.234481834070962264e-02
1.045187128622998042e-02
-2.613613058840388165e-02
-4.627005024949371742e-02
-3.353157089048541817e-02
-3.127508968604857977e-03
2.212922574964972314e-02
1.142326307926832402e-02
-2.986594269065615329e-02
-3.358553979673834650e-02
-3.517093644746839554e-02
-4.526870098804538362e-02
-2.981662658166102028e-02
-2.324135831008480174e-02
-9.936244298060118579e-03
-1.842928229391411696e-02
-3.287973219919571033e-02
