-5.383974522285089014e-03
3.002284795835293008e-02
-2.380389942025890396e-02
-2.170933179588153961e-02
1.341717476404868589e-02
7.254473256626520379e-03
7.244286981101550650e-03
-1.198739435975346157e-02
3.996167675278450987e-02
2.595531807122534659e-02
2.373411592724963132e-02
4.750387685552553974e-02
6.753634462528707028e-02
9.349276860567885816e-02
1.517344890901252408e-01
1.646211979617090149e-01
1.366893355840088919e-01
4.593158166947110960e-02
-1.377611720785049641e-02
-5.016103376592303403e-02
-7.815229618844123094e-02
-1.045568782448621781e-01
-1.095599843444362009e-01
-1.056592264879745585e-01
-6.648261551547189618e-02
-6.145083073263821194e-02
-8.629564522792783354e-02
-8.400835957167666901e-02
-2.104099366249353661e-02
3.721649840708484563e-02
-1.698523405129591726e-03
-8.694655586370848843e-02
-7.570198862168224518e-02
-4.101417589961781074e-02
-1.227166165719708636e-02
-2.473044368483281671e-02
-6.620775112018770225e-02
-9.606967432821672537e-02
-7.473643779948425936e-02
-6.830783098194233294e-02
-2.158115430181246908e-02
1.619370815896360727e-02
-1.790385503082604982e-02
-1.714955463440540756e-02
5.425786534870664430e-05
-1.538293094163083706e-02
1.289814950288762415e-03
-1.590697297741168123e-02
1.047798381844974348e-02
1.336906608355713406e-02
7.308460242808970976e-03
2.270040956727797932e-02
6.478313715094440040e-02
8.596076224354055884e-02
1.179577895442106283e-01
1.856657763670103434e-01
1.471382612930429157e-01
5.697472624109811701e-02
-8.745338018220938717e-03
-5.133349918112122684e-02
-9.772855317515243001e-02
-1.169963400836868117e-01
-1.337358470105527719e-01
-1.243735060163158462e-01
-8.830457115777799737e-02
-7.825624029638575396e-02
-8.748273716426277491e-02
-8.413861046727083570e-02
-1.650548278011565104e-02
4.151289590577250666e-02
-1.388076472765473537e-02
-1.030754102419164098e-01
-1.122138568999269392e-01
-4.455714977406244337e-02
-1.467715942813478409e-03
-7.448517707969975164e-03
-4.770665122728666441e-02
-8.810720852672174197e-02
-9.521391594915912249e-02
-9.160107515026037761e-02
-6.404548653898679833e-02
2.177152805125178933e-02
-7.752908637165161973e-03
-4.082977939908258996e-02
-2.802528309672373125e-02
-3.834987626372455844e-03
8.611292770524503135e-03
-1.200778718541477275e-02
4.635345514318988357e-03
9.121866750643106009e-04
3.444786503947757685e-03
2.517235186650326750e-02
5.163108505200612180e-02
9.235863047265764625e-02
1.173721143265872013e-01
1.711755778700666530e-01
1.502231356903024617e-01
4.658338228187981767e-02
-7.850000034551676831e-03
-5.132499722517095547e-02
-9.568655562064048992e-02
-1.052642891099791894e-01
-1.274466822034033553e-01
-1.214099602915943016e-01
-8.667866920934647057e-02
-7.644090157793387297e-02
-8.502364304878973211e-02
-7.784561301417868007e-02
-1.625122600749708338e-02
3.441071016465284405e-02
-3.586550898310194441e-03
-9.455333400747291395e-02
-1.193559870816234963e-01
-2.923736714045883228e-02
-4.016087572156710681e-03
-1.532559371066254290e-02
-4.073167517929870279e-02
-8.296499790160341559e-02
-1.226413517404683490e-01
-7.079330608455369767e-02
-2.370350026542315455e-02
2.834813596005305095e-02
1.029190752166426505e-02
-4.335514217190119396e-02
-1.773723637060520275e-02
5.276110877425061949e-03
-8.963659722283752462e-03
-1.561430541898064031e-02
3.386239163671401348e-02
3.027058823762614898e-02
2.134949492416560179e-02
3.098861107802203599e-02
6.165657053782658964e-02
8.767652577621273813e-02
1.112035510781265862e-01
1.583460440325061280e-01
1.479286164327489050e-01
5.102935072923454884e-02
1.149663781706676590e-03
-4.720381352731907454e-02
-8.257878957416524279e-02
-9.017425906508629019e-02
-1.088140940724157818e-01
-1.233543218757087861e-01
-8.346710972559454045e-02
-5.808549476409585743e-02
-9.087697369031648431e-02
-7.057018835305013671e-02
-1.187906558878224633e-02
2.832053559758186331e-02
-1.734322268533541184e-02
-9.725606738533072726e-02
-1.072367672867879651e-01
-5.138101271626510647e-02
1.192556924791200908e-02
8.939355243314165214e-03
-2.789104398023457831e-02
-6.507708534577980042e-02
-8.725788326917270632e-02
-5.016259754736004939e-02
-2.369770472567466271e-02
1.689625750992255343e-02
1.049007563424018789e-02
-5.613247699663687085e-02
-3.214407442707006846e-02
2.513964259706876815e-04
1.463140885791926020e-02
-1.881392615325137158e-03
5.030669634364758752e-02
2.680841289127021757e-02
2.177996966006607443e-02
4.459143744054872016e-02
6.578973387075137680e-02
8.867129388916938915e-02
9.771916985839487757e-02
1.634802556752196212e-01
1.585260255668781426e-01
5.875360831254192867e-02
1.547807227126483248e-02
-3.077078954245817538e-02
-6.450082425055962687e-02
-7.883066074277883528e-02
-9.160896199093568337e-02
-1.003035018646366988e-01
-6.244863733893618596e-02
-3.803827754439487868e-02
-6.870299613975998365e-02
-6.273002983060152471e-02
-1.607588176306829625e-02
4.501538085186092969e-02
-2.181862448449829262e-04
-9.407379437601429140e-02
-1.068784321231754653e-01
-3.466497165337355246e-02
2.561731048536505795e-02
3.243487949818248811e-02
2.074865411882484759e-02
-1.942920297964364357e-02
-3.658663824496773131e-02
-1.395845466695475219e-02
