4.447726962207738943e-02
-1.718541755786776992e-03
-2.322847274196437536e-02
-2.144223262326996199e-02
4.379742428820477401e-02
3.125056711656567371e-02
1.572704242307551223e-02
2.346180034560909830e-02
3.221327182599238725e-02
5.864745254492659959e-02
7.991246640311740201e-02
7.901885812921301266e-02
1.072616323847666864e-01
1.529031911372781272e-01
1.655463895162321564e-01
1.877850392195940799e-01
1.325142918317947505e-01
5.569365836783223694e-02
-2.117162434537724416e-02
-6.512547444492644555e-02
-8.384924231882534551e-02
-8.306714360975550604e-02
-7.463739113245751455e-02
-6.511643143787586296e-02
-6.566978242681062450e-02
-7.416070920483600060e-02
-8.724808534594144516e-02
-6.137017935609012653e-02
-5.474246739282264546e-02
-7.454342174485825701e-02
-7.230908803135996377e-02
-2.649188920633734762e-02
-2.569290964612080258e-02
-1.190494573875077768e-02
1.619965209608863546e-02
3.602993324529181474e-02
2.600789821908183058e-02
1.596583438262114824e-02
3.513847303037187855e-03
-9.957677029641613664e-03
1.979216331872471826e-02
2.893137707352224156e-03
-3.683492504359813652e-02
-3.390469451326309780e-02
-3.752650761478804227e-03
9.619556702929507597e-03
1.167280064109237243e-02
9.657176371462334805e-03
-7.865052483535394864e-03
4.149831409650211328e-02
5.947463658998441982e-02
7.517728420730847294e-02
7.826045399815542702e-02
1.267721757670306759e-01
1.316738237953257451e-01
1.696982371865264350e-01
1.281682399265937633e-01
4.146969308891122058e-02
-3.756604305495003793e-02
-9.159072433095274968e-02
-1.121288156533589847e-01
-1.001853806209535569e-01
-8.674658924322234399e-02
-8.715468091409650508e-02
-9.243128290104157818e-02
-1.034922405182465838e-01
-9.952003652025094571e-02
-8.695121760796215016e-02
-7.396594703791453673e-02
-1.011945915644031774e-01
-8.465259051327440887e-02
-3.599891474238751249e-02
-1.920999550162344124e-02
-7.280956596234315062e-04
-1.341803401532344186e-03
8.832364732023289741e-03
1.273234422850430363e-02
-4.868799035332316109e-03
-1.567507140467715512e-02
-3.698551463994842470e-02
-8.152008535900137284e-03
1.902664903033583765e-02
-4.548507270682851378e-02
-4.763883381490366387e-02
1.705478778483426883e-02
-6.651182392322717990e-03
-4.683234879340852398e-03
-1.852768751376507534e-03
4.205300470007892338e-03
3.605738326480809053e-02
5.954967027382733480e-02
5.355233456010943111e-02
8.890832790520321327e-02
1.325436792912783879e-01
1.432514386307747467e-01
1.614979014164804605e-01
1.344561948671014473e-01
3.517601105913131798e-02
-3.713953440240869153e-02
-8.550783462436084559e-02
-9.648828099324638363e-02
-8.500709820845450682e-02
-7.008540774144059182e-02
-7.138825285611520577e-02
-8.278328839636357739e-02
-8.792317393351828381e-02
-9.325696073646891349e-02
-8.465701219052652882e-02
-7.385792512292307932e-02
-1.047387343087106543e-01
-8.961405716217794859e-02
-4.720423996745246042e-02
-2.749204664146958493e-02
1.990787654163091516e-02
4.073708782381215039e-03
-1.127884007922643666e-03
6.132801788949594247e-03
6.400778752374237761e-03
-2.798524338958820190e-02
-3.087978619889533705e-02
-3.118561432424028432e-02
6.077884266706552220e-03
-4.896834263459317466e-02
-1.979100279646594726e-02
3.833390793954086218e-02
5.055641236467573428e-03
1.443224764019159813e-02
-1.764903911388250243e-02
8.033232385421742658e-03
5.082757678063432732e-02
4.412085397250458535e-02
6.500074704872055298e-02
9.857213204035428222e-02
1.357591240809644939e-01
1.401709581556592199e-01
1.819999431879236740e-01
1.329674437452128544e-01
4.995086094233171931e-02
-3.162245226829322325e-02
-7.116631140670971745e-02
-8.357850025415117234e-02
-7.841775413609498868e-02
-6.618546803703813375e-02
-6.821939355362717505e-02
-8.078447144236750033e-02
-7.805011143411637320e-02
-8.349859322255813454e-02
-6.780068018050632028e-02
-5.461166532873440449e-02
-8.171677698987428462e-02
-1.115749424666621914e-01
-7.021945354852605903e-02
-2.333007113249474865e-02
-5.256805155191886930e-03
-3.411256467961168437e-02
-5.660835262676478137e-03
-4.178055769289470284e-02
-3.668326266530792801e-02
5.992557359675078918e-04
-3.872934884905952085e-02
1.018725312945259302e-02
2.599586920846401472e-02
-2.821958530445491109e-02
-1.936503321106534253e-02
2.555734353908176854e-02
-1.837286320077834156e-02
2.449508256458216189e-03
-2.355618862342116066e-02
4.624515262576865682e-03
3.926727891735158626e-02
3.876724500963043413e-02
5.395548270488190190e-02
9.698488133052347859e-02
1.284465473530972957e-01
1.550051241075947606e-01
1.847165169973990217e-01
1.113708885648801994e-01
4.603962650716014737e-02
-2.205328488165024525e-02
-7.469261553016537381e-02
-8.148999001693953137e-02
-6.262083478449814722e-02
-6.265279992227101857e-02
-5.953333449320678816e-02
-7.512739545731768331e-02
-7.683938736078939347e-02
-5.983956759864611508e-02
-4.718426369331130132e-02
-4.995852993492398003e-02
-7.171735387891849112e-02
-1.054318193808981841e-01
-8.448463162790238734e-02
-2.971547954359367305e-02
-1.452630335895774630e-03
1.455202561968780249e-02
1.712339846754371009e-02
-2.592790294926938799e-02
-1.224782849770157320e-02
1.651049422409266165e-02
-9.665742217660292304e-03
