2.270504566996038240e-02
2.414895702196669103e-02
5.342628565252453138e-02
3.990994583799572365e-02
-1.489075465302107729e-02
-8.212865067722117159e-04
7.210859223213231251e-02
3.948706722220516468e-02
5.495477370266227402e-02
5.060609790272679875e-02
7.546831351758870321e-02
6.359081908586881882e-02
8.307699940083798640e-02
1.189646196371799969e-01
1.477267760301020361e-01
1.756905933058537650e-01
1.875507729314223326e-01
6.771837984239439945e-02
-9.194665825462333339e-04
-8.448112914268450513e-02
-1.309507908830875034e-01
-1.267136269275121463e-01
-1.069799497497494617e-01
-7.649618682527697944e-02
-8.450361718965465618e-02
-7.424192078438629494e-02
-7.557622908367675474e-02
-5.961270700559240937e-02
-2.505749371781742368e-02
1.698982876848557574e-02
3.173794534792458849e-02
-3.257122693363748156e-02
-4.873052081689518283e-02
-5.018247031699641508e-02
-1.135528563135972807e-02
8.294067107691149854e-03
-1.359504637710427614e-02
-3.533875844596880145e-02
-2.944332136623240004e-02
9.937545231838455437e-04
-3.085834629184447397e-02
5.111747352703269881e-02
1.357067233076973342e-02
7.744322931309222981e-03
6.719925909065096493e-03
4.177018010578042138e-03
8.941170869935123611e-02
3.601745431137334807e-02
4.884247339055475257e-02
4.229157963208263898e-02
5.378482356792600727e-02
5.430127072715263542e-02
7.810266569076382281e-02
1.063436186929092586e-01
1.218012208960298215e-01
1.868271738670792825e-01
1.837219578040800994e-01
9.013451627802672450e-02
1.101965865845572212e-02
-7.554071759441169376e-02
-1.243601166035716021e-01
-1.193136919642601018e-01
-9.775986435626655979e-02
-7.920871308386397136e-02
-8.488517980795354245e-02
-7.540550234595630452e-02
-7.729742847440852771e-02
-5.636233770811355237e-02
-1.957358130064962981e-02
1.169242007507988700e-02
4.436300616757673371e-02
-2.748520059869237475e-02
-5.443741445427326131e-02
-7.037281374396835154e-02
-3.432459705893784602e-02
6.260856546330663408e-03
-1.493142095749639721e-02
-5.583333805040669590e-02
-3.306968606646026876e-02
6.929672198412376374e-03
-3.379476455655768680e-02
2.149874950776039031e-02
1.196712738065235397e-03
1.868151586392976723e-02
1.135027808624785098e-02
-1.526228760735372052e-02
8.166576064110427080e-02
3.376488802656478494e-02
3.912536683123323672e-02
3.442417851633068626e-02
4.543826653304673668e-02
5.823057023932687315e-02
7.521635922602773472e-02
1.021661794662263589e-01
1.140935205152364684e-01
1.811621193162822052e-01
1.836856994089543782e-01
1.031441035843437132e-01
5.188718399376916236e-03
-5.949682106917168062e-02
-1.135677383026042903e-01
-1.145856430069268628e-01
-8.977446919123131808e-02
-6.707272019589789747e-02
-5.771206896367435391e-02
-6.511785000806334656e-02
-8.480854748993428560e-02
-6.391396007863425766e-02
-1.958017862354740138e-02
9.099286976467797078e-03
4.847195412770322065e-02
-1.880732377338052361e-02
-2.817871400933648351e-02
-5.356285108935602418e-02
-2.196949611872349786e-02
1.383769980316496180e-02
5.269157466899437522e-03
-2.016093586095596760e-02
5.431307072436842784e-03
2.839301443160208854e-02
-1.886987613802303815e-02
-3.370727949355920277e-03
3.245573403390807077e-02
2.301740921139177123e-02
-2.876992960203910571e-02
1.587627048119364271e-03
7.370354300370567102e-02
2.590139528703581245e-02
2.513530959862185846e-02
5.608521795256054404e-02
6.820639380275099473e-02
6.172950499908816391e-02
9.053226465215784280e-02
1.137686147254540203e-01
1.317472505890607548e-01
1.604851499112013857e-01
1.905617048877949471e-01
1.128867162819425646e-01
2.657294829082209112e-02
-4.698071971336523212e-02
-9.101999910288015305e-02
-9.367313736437750393e-02
-5.767604933832470859e-02
-3.383543245539642752e-02
-3.012553190867875083e-02
-3.024482816320268538e-02
-4.694417483376024658e-02
-3.335564390664166184e-02
2.345323084792740390e-03
4.227869545666353840e-02
5.118691730975757914e-02
-1.438030845862151019e-02
-1.660473969862222288e-02
-4.727735578493393737e-02
-6.132137977071339813e-03
3.055925810143679880e-02
3.076714671343776589e-02
-1.291524492833207721e-02
1.667626413953324574e-02
3.285124092583766031e-02
-2.083003229923936772e-02
2.162313449652998251e-02
2.942311495997569984e-02
1.490318794204587190e-02
-4.154428714688413599e-02
4.014294744529059433e-02
6.821188537458901247e-02
4.023376762171590459e-02
2.457509194537726288e-02
5.363062273379343853e-02
7.133460650936221392e-02
8.082878505712068340e-02
9.115687223656132598e-02
1.105074517859688105e-01
1.375172085820706158e-01
1.612161226899191391e-01
1.855546353756662437e-01
1.314030312929770627e-01
4.466108183474492427e-02
-3.679837971463930518e-02
-7.702137297569344732e-02
-5.818330865261265444e-02
-4.031513876982767419e-02
-8.519251873265243358e-03
-1.199911357208192746e-02
-1.988597905413659259e-02
-3.440269929165302998e-02
-1.418820315980614047e-02
7.861377109755358569e-03
6.286643169641883966e-02
5.512078527019163843e-02
-1.235071377823565575e-02
-6.340103109843589664e-03
6.112441291747347343e-03
3.370899028600242431e-02
6.353786485292912956e-02
3.599865989445820424e-02
1.210421995362260042e-02
3.978289020469655962e-02
4.098826076925769085e-02
