3.629431212984625399e-02
5.868225527021867644e-02
7.033849217515755758e-02
7.075951353287711354e-02
6.091926578418692395e-02
6.935299481633007412e-02
6.869747908967813177e-02
7.833554186555338750e-02
1.092536534087496236e-01
1.318248256559448606e-01
1.558511160948838348e-01
1.535958100454242470e-01
1.707211207607954306e-01
1.743898387613102008e-01
1.555399754401130819e-01
8.877155208797772590e-02
-1.586883248165103788e-02
-7.558124364952054086e-02
-9.617703982574400678e-02
-1.017221396137747702e-01
-7.220451273537088765e-02
-3.445245032973179300e-02
-3.587281083431140966e-02
-6.467128424635955330e-02
-8.843844969671744993e-02
-5.925997697403716236e-02
5.241035288925543004e-03
6.859497245902422546e-03
-1.191623598592966154e-02
-7.101133906767189904e-03
1.319508961512400567e-02
-5.659992834807454909e-03
-5.142533233978671681e-02
5.005372422316215972e-03
2.624804669487992501e-02
2.749038615021507509e-02
-4.406272278880400683e-02
-4.130643533447268118e-02
-2.455631409118679345e-02
2.768005174189356980e-03
2.562422799672167684e-02
4.051219593688829695e-02
6.131398632015817168e-02
4.568285520460775573e-02
4.987339251808723534e-02
5.933635230514922726e-02
5.041182694279268406e-02
6.805793837725986062e-02
9.943240293595685675e-02
1.261651093020798031e-01
1.397064627885473420e-01
1.442374782633237540e-01
1.582683535315834444e-01
1.653459536629102444e-01
1.539201269862592036e-01
9.146723384541793900e-02
-1.374898272275038025e-02
-7.199749196145896479e-02
-1.042515760104230499e-01
-1.005926254308222717e-01
-7.807878541175559961e-02
-4.645895122337893868e-02
-3.524500804621318734e-02
-7.015124078955345399e-02
-7.933470739487627488e-02
-6.224208191207192264e-02
-1.099568254533855351e-03
-6.981290626500802864e-03
-2.199102085371427637e-02
-1.092495995999985883e-02
4.534121637084702165e-03
-1.551683411774467704e-02
-4.712080435493722075e-02
-5.190248095610711793e-03
2.162683691405843309e-02
1.430155386638580842e-02
-4.270286425957484783e-02
-4.149541728302330590e-02
-2.485888354428961167e-02
-7.750044940137572162e-03
1.782575016172415969e-02
3.346860013184979610e-02
4.115287330405174165e-02
2.955546923551568422e-02
3.665633760077068731e-02
4.266486331615512717e-02
3.781638255774944640e-02
5.683479745991289883e-02
9.074980185529932242e-02
1.182488210448455895e-01
1.236776818703341357e-01
1.345292421200656452e-01
1.438017204265537030e-01
1.512225415935010420e-01
1.423537920501992682e-01
9.198535162643788066e-02
-1.378453722417207275e-02
-7.166884527115889580e-02
-9.904015142593804166e-02
-9.633436894285501984e-02
-6.898343614138212343e-02
-3.448289956459018452e-02
-2.910243285823704840e-02
-6.820755551740141642e-02
-8.710308303957667309e-02
-5.909262694345945865e-02
-1.237764842952144640e-03
-5.658901266882941997e-03
-2.275387190601471307e-02
-2.945836665299584115e-02
-2.117696301575720114e-02
-3.105475642049557172e-02
-4.890867469934000872e-02
-8.401915292745962272e-03
2.227676175983966250e-02
1.203956848464776339e-02
-4.315558308267028464e-02
-4.929399970719888779e-02
-2.497700693215058887e-02
-2.406656145342348473e-03
1.618155184218399850e-02
3.674883158823475521e-02
2.866995696199031024e-02
2.508535049841559630e-02
3.431435740259689005e-02
2.634819498403401239e-02
3.459474961208605648e-02
5.317853667846591387e-02
8.903137292083215804e-02
1.119814827757376202e-01
1.149375476239077043e-01
1.158723815855826483e-01
1.200751495156417437e-01
1.425882351990227503e-01
1.317127564560644504e-01
8.363496638816764195e-02
-4.114593675150391913e-03
-6.659086713981837713e-02
-8.685642037893591405e-02
-8.746811750225240434e-02
-5.311369838327108239e-02
-3.683023757117964703e-02
-4.597653487674985967e-02
-7.390453861162622762e-02
-9.445295009213539039e-02
-5.601007578822984889e-02
-1.585633476131705077e-02
-6.950743276511112297e-03
-1.834817151270235966e-02
-3.250296183742019257e-02
-2.626876696303392933e-02
-3.143535133122894731e-02
-4.144430191276565062e-02
9.112238197121518696e-03
3.351658879677748420e-02
8.122739895402651678e-03
-3.051806723568211907e-02
-3.255858166793908909e-02
-1.904014460375128004e-02
5.158385272848023395e-03
2.072909632500955987e-02
3.182404518298345697e-02
5.064637247186169061e-02
3.456281074483705945e-02
3.334853949525883043e-02
4.319226343854049022e-02
4.436532594739519414e-02
6.476171670658986690e-02
9.705101775751807935e-02
1.096608275835044277e-01
1.178309668030555757e-01
1.088281576617333990e-01
1.116863656917277819e-01
1.232563019793450482e-01
1.268486282371072971e-01
8.934248785674860083e-02
5.438231479005990222e-03
-4.368356660285212245e-02
-6.657064846881602382e-02
-6.863771041711781706e-02
-4.075577985633261485e-02
-2.373765486603885561e-02
-2.850815457613114709e-02
-6.216249485576656048e-02
-6.719790028564065487e-02
-3.574704033308074430e-02
-1.030537619824169887e-02
1.457679273146826691e-03
-6.871727451008667262e-03
-2.159840584686863185e-02
-2.567339799241183038e-02
-3.189300076727399902e-02
-2.888630681886984394e-02
3.141736103238298300e-02
3.311163971363793174e-02
5.979601233585114979e-03
-1.326769540397772749e-02
-2.902289612764579960e-02
-1.815020598189795789e-02
8.506363487181490754e-03
