-4.008526021293105923e-02
1.914273719177043975e-02
3.825655353634668798e-02
-1.060533323543039587e-03
7.324017624948081506e-03
4.148067635151617832e-02
1.628224031280784204e-02
2.254699283747572253e-02
4.537615856836480638e-02
7.137316523711001448e-02
1.039605149838994935e-01
1.082838856497710806e-01
1.490555122374396246e-01
1.570974101086330121e-01
2.116661101454783145e-01
1.714648646219939232e-01
9.665294391535449170e-02
-1.991819733370890980e-02
-6.976963286094786665e-02
-1.039114764705532379e-01
-8.860866020530726306e-02
-4.386022665199765247e-02
-2.083353817302665764e-02
-6.445671401657881994e-02
-7.897957520573137269e-02
-4.330575377881124011e-02
-3.926834830328743836e-02
-5.974920605783703986e-02
-2.629927413116951718e-02
1.999232505125134174e-02
5.870294078466384985e-02
5.555534589380597965e-02
7.642224803617844731e-02
1.075135150057780764e-01
8.081731350487376953e-02
3.969608279681754309e-02
8.971027038183547811e-03
6.374619636840636420e-03
-1.726294946239827557e-02
-7.348410650960923718e-03
-2.898713463045648944e-03
2.164585688148875503e-02
4.385401663850210102e-02
2.568240001928299293e-02
3.001915410195178657e-02
2.280766955070637203e-02
8.563835568769157316e-03
2.836275138141612293e-02
5.368634409683863823e-02
7.032165364732666235e-02
1.002176179035619008e-01
9.645874866234017964e-02
1.320568866871436597e-01
1.693676943691781456e-01
1.929612852754784835e-01
1.679115975254032722e-01
9.626905135844732175e-02
-7.497854962032383420e-03
-5.691291688070713312e-02
-9.511239954099842686e-02
-7.907687576004610031e-02
-4.299326091018744467e-02
-2.824666449342452812e-02
-7.367165970544652109e-02
-7.081271586941037532e-02
-5.558599675123596096e-02
-4.997661352769429410e-02
-6.211564543357053075e-02
-3.584475816767021539e-02
2.717176143996562210e-02
6.169743649885316844e-02
4.028339362727275524e-02
5.645312272278162069e-02
6.281064760346136144e-02
6.046963025668458669e-02
1.707843364778551323e-02
-4.958349317567396775e-03
1.957863132097265382e-02
2.151999727243196145e-03
-1.817081807468704999e-02
-2.409355839491459511e-02
1.326781787973676553e-02
3.230544946605253681e-02
1.730632672806108399e-02
-2.294059647870568593e-03
3.558931384133440928e-02
4.679283233387566444e-03
1.938199020550236684e-02
4.816817936460832811e-02
6.833391259046359134e-02
9.923722313102623094e-02
9.456605848134269632e-02
1.299839128280868839e-01
1.685984802801773486e-01
1.710952981297458320e-01
1.563415256260081987e-01
1.004092628084480437e-01
3.455880131968419198e-04
-6.906497474552078519e-02
-8.918632108801081981e-02
-7.528537506340723939e-02
-4.145875222631003471e-02
-4.473996929426499181e-02
-8.062818980626153265e-02
-7.118421010746246724e-02
-5.063343181967022016e-02
-5.001731920762442912e-02
-5.044652800451911168e-02
-3.205898157854793901e-02
2.558134625873548576e-02
7.399983467736166720e-02
6.376899712302394607e-02
5.411462153474490278e-02
6.350928019190438256e-02
5.533962065697469596e-02
1.420505249135430373e-02
-1.275431189827425787e-02
1.891029486479699206e-02
1.227662311371748201e-02
-1.349387439356547307e-02
-8.822101172792837925e-03
1.590262715731747753e-02
2.925759523020112288e-02
3.005403392970745768e-02
2.521027175705397791e-02
2.641357437099206215e-02
5.353558849008844579e-03
-6.841770357202511983e-03
4.293738923909217603e-02
6.640643215721213355e-02
6.605179630225777032e-02
8.781047336118294466e-02
1.223201426038034723e-01
1.387806291572066253e-01
1.754370419594692976e-01
1.490325675465194732e-01
8.706630066060194739e-02
1.824818087438777672e-02
-5.640737568852047246e-02
-8.320285810843296159e-02
-7.139058728760350192e-02
-5.308973980926579017e-02
-4.024753683097792578e-02
-7.830028113557654934e-02
-6.866987894144593874e-02
-4.057710224189377962e-02
-4.808807264705959594e-02
-3.874300387806373092e-02
-6.761871024417740426e-03
2.563235581386767020e-02
5.603339250662957988e-02
8.104410173120446537e-02
7.283165698163869550e-02
6.246824691733284668e-02
5.541206039204924633e-02
2.033667975641815021e-02
-5.282399226095612840e-03
2.296928316903400560e-02
1.200841002720213178e-02
-1.730418900811801775e-02
-3.874333358088218743e-02
3.224089923621211579e-02
1.502836738363489723e-02
4.483512832931519157e-03
2.583283607913300015e-02
2.748011815445049189e-02
-1.302878064387599441e-02
2.549169662056965241e-02
3.540227709776711668e-02
6.006332809461584904e-02
6.671663230922900145e-02
8.765081513891670451e-02
1.263266325471439633e-01
1.382413501569495218e-01
1.548697371693682212e-01
1.339110129308257180e-01
9.047219621465563133e-02
3.209274312531013723e-02
-4.653715472231668981e-02
-7.994820230316437848e-02
-7.501983507236185955e-02
-4.553911685798896214e-02
-5.095748491556529453e-02
-6.885828378059534460e-02
-6.282674405898915071e-02
-3.549604292190980392e-02
-3.647551317457205233e-02
-3.160736395631414536e-02
-8.668911041621112437e-03
2.247146320109191797e-02
6.741421673502812073e-02
6.325417863043390765e-02
8.405836397241038538e-02
7.164749080820614902e-02
4.169236900027710468e-02
1.404404386758313465e-02
1.937777930080352914e-02
2.338764714651786134e-02
8.376008893008466544e-03
-2.972195535307896601e-04
