7.606762734439904278e-03
1.991881602213085509e-02
2.743181061224373926e-02
3.807506634839338822e-02
3.474854012402076031e-02
2.216014207143768636e-02
2.189482154826128193e-02
3.292171701462062033e-02
1.822658225019477664e-04
5.420712432167311759e-03
1.169391144429202112e-02
1.776806113480883242e-02
5.676999793240560671e-02
1.132090342279056111e-01
8.212616752531091968e-02
1.415984619113657139e-01
1.037856202250549420e-01
1.892769516226880736e-02
-3.152895198593753945e-02
-7.722553724122120655e-02
-1.400031694155000062e-01
-1.212479282092834287e-01
-1.154736801004915131e-01
-1.012829813469131035e-01
-1.123089776137090046e-01
-7.822260644081485692e-02
-9.777067020324189950e-02
-1.064261588340042614e-01
-3.516300409805805244e-02
9.576467024625782715e-04
-3.384804149798163503e-04
-5.799394451618319207e-02
-5.127576715803586899e-02
-1.248476976497099426e-02
-3.839793566375061806e-02
-8.168589505557335984e-02
-5.340867111463298844e-02
-2.694434640228406119e-02
-2.972234505425164902e-02
-6.022395222689444494e-02
-2.090239284644125357e-03
8.889394769332783358e-03
2.148593186728033066e-02
3.851746677898488375e-02
3.675930054702054167e-02
1.952132093302835769e-02
-7.078628500628793632e-03
1.232652034578600626e-02
-1.538095401925317421e-02
-7.677686182274839725e-03
7.356149025212765393e-05
1.226460311714199641e-02
4.604096720177789509e-02
8.485432946678804489e-02
7.611956467733108078e-02
1.342456686639424968e-01
1.008319342744462693e-01
1.231703631686678797e-02
-1.339034644524054150e-02
-8.820000118062874817e-02
-1.495451165435840168e-01
-1.334151214252963513e-01
-1.161467679878978448e-01
-1.045413391242549644e-01
-1.077251278655540628e-01
-9.631140342043501001e-02
-1.147376194916347042e-01
-1.089782272646047656e-01
-3.706905565796127927e-02
2.365941829107862798e-02
-5.091566315250252829e-04
-5.995333137560063946e-02
-7.131903316118824721e-02
-1.996863267175719159e-02
-4.826545736527272645e-02
-9.158396381029643152e-02
-8.563783799502228122e-02
-5.369808033722522911e-02
-3.200495677630382785e-02
-6.759055817958704859e-02
-2.099458799012287463e-02
2.342044625469787145e-02
2.890268356312575282e-02
1.873249501084506968e-02
1.543413968766249936e-02
-3.612491901532560203e-03
-3.023088870268359624e-02
-7.863391785902892200e-03
-1.906047605831392641e-02
-1.237476512986242054e-02
6.449815889832188204e-03
1.521192865801349915e-02
3.449031143644627068e-02
7.422229160688752214e-02
7.405276521639257703e-02
1.327954843163004772e-01
1.073207832647780635e-01
2.212842846262537411e-02
-1.264964853242652593e-02
-8.026422157440728233e-02
-1.430756417966522476e-01
-1.311564917091919413e-01
-1.143463742098191349e-01
-9.635243946396895853e-02
-1.047553017028571010e-01
-9.335034543394214734e-02
-1.126759496201571870e-01
-9.587900131091159350e-02
-3.414796730567400129e-02
1.137535183907119850e-03
-4.135197772773407943e-03
-6.402172600841456174e-02
-8.372102164998447560e-02
-2.874207952189142268e-02
-5.061517869572650791e-02
-8.255983779027969982e-02
-7.991618804195446679e-02
-5.184109899289769674e-02
-4.494554508545487576e-02
-6.584589054226565319e-02
-2.361473953179889576e-02
2.241459262214475640e-02
5.158182147888227403e-02
3.501050389856904393e-02
1.701162731342974535e-02
1.982847380047697908e-02
-5.006117469303372237e-03
-1.174758287656228186e-03
-1.204309174782259607e-02
-9.896670036104001505e-03
4.438483044527562205e-03
1.178698948021687787e-02
3.847150044867213986e-02
8.281737100598399182e-02
8.656683789128127859e-02
1.033693731846739988e-01
9.599722339665238413e-02
3.243730240335803566e-02
-7.750775726353281020e-03
-8.100675662157669210e-02
-1.517284005041363848e-01
-1.250776034800696324e-01
-1.041912148622930051e-01
-9.658253096675553651e-02
-1.106208033923193196e-01
-1.054041314293240189e-01
-1.130615320343111296e-01
-1.108206950198262902e-01
-4.244512553169173946e-02
-9.407442965727952702e-03
-5.469050885792419922e-03
-6.982285094645077073e-02
-7.434170713003820929e-02
-3.040014041113753285e-02
-4.511851800887660413e-02
-9.007189796879440380e-02
-8.402957283206470562e-02
-7.619270752930294710e-02
-5.381564167148959743e-02
-6.808511747748377529e-02
-1.257655249908410863e-02
1.138870036173965719e-02
4.672337530622321100e-02
3.586182169835222533e-02
3.957132707475315841e-02
5.515565081722242219e-02
2.414284422602844954e-02
1.067014554800377150e-02
1.158693227030590037e-02
5.076130868800885279e-03
3.674742607433769022e-03
-9.564966876291993228e-03
2.116679259130462704e-02
9.575583497882371453e-02
9.270304285284809709e-02
9.777985700219239684e-02
9.269533106131370992e-02
4.803148449781901447e-02
-6.997475208292987421e-03
-8.029966689447703976e-02
-1.571710405229576890e-01
-1.078541958671221934e-01
-9.559865686293805842e-02
-1.024301304218756675e-01
-1.105439013808907911e-01
-1.147803262996894141e-01
-1.250570387067576061e-01
-1.107123526685203779e-01
-5.302995513282966061e-02
-1.024127417018809959e-02
-3.635868459108682494e-03
-6.158471777766010707e-02
-7.914762832629788913e-02
-5.086528571864351589e-02
-5.455391508889288754e-02
-9.418916495471793549e-02
-1.025548834365953010e-01
-7.318032842909197311e-02
-5.197928291464552764e-02
-7.249570492552263878e-02
