4.632250671887282178e-02
4.346583357112687729e-02
3.915981037136688492e-02
4.755707870212205757e-02
3.146484265959854920e-02
3.000591499371996207e-02
1.463088963572097174e-02
1.927667336436848441e-02
7.405102808009772497e-02
1.008257346887762584e-01
9.886248930755642261e-02
1.059532676482649732e-01
1.429962833045318737e-01
1.531325005710888476e-01
2.079104922155862178e-01
2.056076586972175602e-01
1.447139646513762312e-01
9.455879869860683851e-02
2.762529586239534374e-02
-3.089991220610665765e-02
-8.321474088054503504e-02
-9.235295138104795964e-02
-9.100710836920095081e-02
-5.400933433543020357e-02
-4.096451278190227363e-02
-6.763298636791054141e-02
-6.060821090528538402e-02
-4.589273493342253124e-02
-7.571430319375601140e-03
4.988394033904125502e-02
9.427587306057605768e-03
-7.508584979054638842e-02
-6.201973265384820577e-02
2.312533611304774112e-02
3.829438602473574788e-02
4.791098454816919948e-03
-4.553654873533879294e-02
-6.109534552382630407e-02
-3.534619182636670326e-02
-1.139578403801322533e-02
4.277637571961007829e-02
1.813593864996278920e-02
4.173848878273995165e-03
1.904595967631581011e-02
3.023135265894544982e-02
-7.272490760607808885e-03
-2.090881856617833601e-02
1.182133501976216985e-02
6.069396522877798517e-02
8.678323404087157078e-02
1.044049628690023879e-01
8.410901831269941564e-02
1.220557991296336298e-01
1.324471037784254734e-01
1.952793876886898816e-01
1.954359834975432919e-01
1.467303203937205258e-01
1.021215020082981845e-01
3.756260991225006396e-02
-3.541702144876945901e-02
-8.471927379197134733e-02
-1.015341856158634842e-01
-8.660930285539089613e-02
-5.861829695040932098e-02
-3.511058056810757722e-02
-4.817309702283950612e-02
-6.317099221845558221e-02
-4.725215856413279153e-02
-1.166669573374308028e-04
5.191473271661800615e-02
2.138858221608347723e-02
-5.279663565203251280e-02
-4.720644175321121738e-02
1.076515622366499593e-02
2.274033670807873442e-02
7.825240285987225888e-03
-3.784602216175794037e-02
-5.097723964633402854e-02
-2.030783045203993567e-02
1.026563620388343256e-02
2.285487940550491245e-02
2.667596245113411715e-03
-1.437220454623437151e-02
1.711374971383930813e-02
4.798281397014379432e-03
-3.657525183808563868e-02
-4.590662085745904342e-02
3.943685710508298622e-03
4.162686802295652994e-02
6.656382465814845995e-02
8.453625579909788967e-02
5.967315026755289076e-02
1.092553828468752625e-01
1.364271949210830170e-01
1.752632743063224086e-01
1.826644066079897710e-01
1.496425386786012779e-01
9.815126741710337999e-02
3.784001470157006414e-02
-3.507447977318884497e-02
-8.062285841947591791e-02
-9.990217187429273338e-02
-7.588762579297857191e-02
-4.652472001979510163e-02
-3.420271013803021648e-02
-3.413870928214600420e-02
-5.968175710339654327e-02
-4.747683802236301459e-02
-1.509211455206945158e-03
4.646327173687510304e-02
9.200070772418683998e-03
-5.287444908431106205e-02
-4.015209147202234569e-02
7.893857202145049615e-03
3.073093811565400998e-02
6.239527303909511192e-03
-3.244335511965312779e-02
-6.610345250639436399e-02
-2.674056525650804483e-02
2.883552478571590680e-02
5.831799150230787369e-03
3.570075815786705881e-02
-2.765012303873516306e-02
-3.322467792989824802e-03
9.289666044777079856e-03
-6.268924964998813520e-02
-4.645958722580491307e-02
1.336637761950923604e-02
4.539976033041605297e-02
6.264354076999595344e-02
8.857134447296724500e-02
6.337506844933862848e-02
1.005120988508065721e-01
1.174780333718064840e-01
1.455040906306908077e-01
1.675731829956306485e-01
1.423653129001052065e-01
9.292656420938966155e-02
3.991765644913493338e-02
-3.165178493512604829e-02
-7.232419736158128554e-02
-8.191087730668689115e-02
-6.871620591045667081e-02
-3.619182098692842048e-02
-3.000704263533915395e-02
-3.885666405709560511e-02
-6.151212193201580081e-02
-4.637583770335629296e-02
1.975656403719564149e-06
3.341387264769656029e-02
3.785522185315432202e-03
-5.501086305881116439e-02
-3.429536922577765962e-02
7.389962590581214928e-03
1.967373566559186063e-02
1.706820255859809246e-02
-2.111056598162238881e-02
-3.488334545078002058e-02
-1.700679442700390532e-03
1.988477362447465049e-02
7.860289579171170563e-03
2.981053474983801424e-02
-5.138798511182873785e-02
-1.234799612228247752e-02
1.009762046394441400e-02
-2.707424498455682921e-02
-2.607389680526440989e-02
4.543793819250679239e-02
5.573575867902577641e-02
6.293700502416607612e-02
8.867293435135087387e-02
7.423369317806600975e-02
1.005554293274623229e-01
1.348291810544096081e-01
1.205179157018928804e-01
1.452242979669370881e-01
1.322016133383526471e-01
8.942598071017132666e-02
4.173467780978297459e-02
-1.793028528557995965e-02
-5.608172162418784135e-02
-5.957473716685379728e-02
-4.808993296419202673e-02
-2.427702959646290543e-02
-2.402973673395165932e-02
-3.209143520960070634e-02
-6.209921076121525940e-02
-3.017382686400316844e-02
1.300081876932734741e-02
4.026531385534621449e-02
2.491652933575625936e-02
-2.638920723823794112e-02
-1.830349768272215849e-02
4.394809293541701752e-03
1.178235538321965002e-02
1.888562099888762419e-02
-1.477781231006802115e-02
-3.203754920249414495e-02
5.966132733958254275e-03
5.299430281959029848e-03
