-1.778690894509953990e-04
1.408064096242559772e-02
-1.056195249252073372e-02
-2.784177218895477358e-03
-8.204429128312061559e-03
1.786136995712228961e-02
3.193727966702058357e-02
1.039363610347456696e-02
2.339043394544428403e-02
1.881118835110628593e-02
1.180202079935150847e-02
2.678888024015215613e-02
4.269594234843109015e-02
7.693021858122062184e-02
8.594634986786950370e-02
1.052301324302538643e-01
7.114075387538666695e-02
-4.947469284646891473e-04
-6.366852717184785793e-02
-1.480660082833197277e-01
-1.861632213771247102e-01
-1.701128297593368088e-01
-1.200818150161122450e-01
-8.771859523908508149e-02
-8.227433888312439547e-02
-7.984000135786967212e-02
-1.181043599199436411e-01
-1.342878978407110735e-01
-1.259980414442578023e-01
-7.027042142366822508e-02
-4.200590761441336252e-02
-4.904844547430316226e-02
-8.684838211686503329e-02
-7.132619092799270810e-02
-1.781301421747159483e-02
-4.897321879520154242e-02
-6.681150488067637283e-02
-6.683758811747635142e-02
-7.243459858280727748e-02
-6.131035860157460493e-02
-5.011354076615526405e-03
2.686243786249006837e-02
-2.073396603465888638e-02
-2.043044527020277529e-02
-1.044835571390728343e-02
6.055867346649068325e-03
1.651481002296949219e-02
-7.656206355954336788e-03
5.332989550230799944e-03
2.462220610022912773e-02
1.450378754188451531e-02
2.712105287546643165e-02
3.945786139721283586e-02
5.244705088412470601e-02
8.773686116166612425e-02
1.126801991023748117e-01
8.180290311220335397e-02
5.486501223899526054e-03
-5.585919555739016912e-02
-1.470895474427509619e-01
-1.730465643031930956e-01
-1.613507576541018673e-01
-1.162567314191402662e-01
-6.903558444810953265e-02
-5.912374836312742771e-02
-7.857401751006436175e-02
-1.093053215581251403e-01
-1.299625219728617609e-01
-1.262425682608134814e-01
-7.784003226581186208e-02
-5.274802674485415399e-02
-6.055687686978303980e-02
-9.429572294354296447e-02
-6.883209268736797948e-02
-3.376594031222027691e-03
-4.061502142488434414e-02
-7.331147393290635139e-02
-7.157345180362659209e-02
-6.116910667813040686e-02
-4.820329756838882124e-02
-4.023562564629976773e-02
6.408844288823713209e-02
-1.573204229969143650e-02
-1.413328901486222630e-02
-7.448712101804250488e-03
1.663259816253814805e-02
1.765494913665374352e-02
-6.210797553860218645e-03
5.944042148088190224e-03
2.940795098421532597e-02
2.203233546854193106e-02
3.078478262438579319e-02
4.166570985946390498e-02
3.184317474065232606e-02
9.590234336501780865e-02
1.046339316892831578e-01
9.886436915180123186e-02
7.016452087628362311e-03
-4.876215860627344106e-02
-1.300050439876070940e-01
-1.666102214212196175e-01
-1.629999465404632364e-01
-1.211269530541989464e-01
-6.539705645253772459e-02
-5.793669004575204701e-02
-5.329820894935645426e-02
-8.914140206405903044e-02
-1.217031150346149365e-01
-1.190660940022645609e-01
-7.907580363367698595e-02
-5.066016675982533413e-02
-4.696441481882027147e-02
-9.013257931761889385e-02
-6.644630771224034615e-02
7.344764380809082121e-04
-3.144002494918699681e-02
-6.322173791001882426e-02
-5.201166573570256690e-02
-5.184134426329008172e-02
-3.108009383099659406e-02
-4.261085282134451091e-02
5.451580721426501491e-02
-1.800054004947776801e-02
-2.680198526927625446e-02
3.331483891972925049e-02
2.293012457924398576e-02
2.852589533722205140e-02
-1.024622202139724002e-03
1.287148098225223206e-02
3.726976843773009695e-02
2.767160421950089905e-02
3.205037563924226229e-02
4.019174083420658239e-02
3.458846023688333382e-02
8.445255732140870275e-02
9.404391352942666205e-02
1.127661611955177584e-01
3.618243115863686854e-02
-2.495139865042959523e-02
-1.132206940518394461e-01
-1.408051649067225686e-01
-1.337207850168426193e-01
-1.005308325146464371e-01
-7.521858421950600171e-02
-5.380502649199352116e-02
-4.447489354827954822e-02
-7.621709401304288534e-02
-9.693166180553405842e-02
-9.840904207697480366e-02
-8.510967584583233048e-02
-5.095805899691812496e-02
-5.204321275686927400e-02
-8.275360672782121341e-02
-7.663495124070003606e-02
-1.999207826084701406e-02
-3.083586548792247375e-02
-4.657856624227188491e-02
-3.095892659723975884e-02
-3.596525180684822381e-02
-2.579064362442699126e-02
-3.212915813157233430e-02
3.234801460841249532e-02
-1.816515319373688837e-03
-1.728162723461047073e-02
5.802855947870792265e-03
2.783332338681639845e-02
3.985039158348877703e-02
1.961083183588239673e-02
2.289678356231935122e-02
2.740293281702880709e-02
4.007261899508614972e-02
3.082592488005215028e-02
4.619986510312317635e-02
5.721013201975192614e-02
7.264004136001869782e-02
8.523534335368462833e-02
1.124554046297725762e-01
5.539583584550795275e-02
-1.540794859161224821e-02
-9.673537715379734725e-02
-1.195066764474075893e-01
-1.132510530420158257e-01
-7.779655816439577654e-02
-6.208455471795386316e-02
-3.301111214015792911e-02
-1.749704639379359716e-02
-3.817073717458745880e-02
-8.974252234084154067e-02
-9.867854589749472383e-02
-6.399943158953805278e-02
-2.328125976915107823e-02
-5.099161121858498957e-02
-8.172862657593948921e-02
-6.055168830391667589e-02
-2.296198588366933635e-02
-2.746452110801660476e-02
-4.321662477207172115e-02
-2.775031857770528937e-02
-1.975265280248175020e-02
-6.199173013114974047e-03
