2.901864312215771471e-02
1.405142563541657806e-02
4.362665603633703731e-02
3.348599899034594013e-02
3.786179676416559503e-02
4.851601949664842428e-02
4.777646525844796849e-02
5.413171239459875494e-02
3.843077780909810726e-02
5.745095974437419012e-02
1.046555092454860419e-01
1.266118601636563590e-01
1.352745312371118891e-01
1.544596453938674452e-01
1.253038058765299501e-01
9.664212320676814072e-02
7.226521285619541112e-04
-9.252719351128199654e-02
-1.260097277913845848e-01
-1.226044095993517463e-01
-8.697344743718793403e-02
-6.600654508785903929e-02
-7.569362605106561004e-02
-9.531176325607998434e-02
-9.482487812285836370e-02
-5.821261050251910762e-02
-1.310017102835040435e-02
-8.254143560016928907e-03
-3.244206220968331306e-02
-4.316555058125387534e-02
-4.971378507735507019e-02
-4.079905967779773324e-02
-1.933813472383847168e-02
3.613559904151801300e-03
2.402075838818332545e-02
6.025242866262183611e-02
8.550011777659992374e-02
7.879235882588775386e-02
7.508918333586707405e-02
8.941588096443203737e-02
2.614780243997979342e-02
2.874217516884117630e-03
3.047398667761936145e-02
1.185299928454583429e-02
2.129761171678938581e-02
3.964395207568299079e-02
3.471073266849915295e-02
4.434635030056743865e-02
4.349922967272398799e-02
5.848199430613241351e-02
9.651014042809087645e-02
1.246084266427974485e-01
1.245401986904426245e-01
1.474231681392607074e-01
1.238737645963749329e-01
1.024831477526159246e-01
4.273326045696331302e-03
-9.773298486146819730e-02
-1.291218483632664560e-01
-1.175674713697581475e-01
-8.213055887384274056e-02
-5.514799103155794413e-02
-7.487124954867212245e-02
-9.914464158344848954e-02
-9.856994554291127753e-02
-6.012704052227330759e-02
-1.765342983752621678e-02
-2.317897898872710652e-02
-4.449845355118256518e-02
-5.157061049729890628e-02
-5.699732594235732558e-02
-4.370525213672731696e-02
-1.612473106203411027e-02
-4.801847766703128649e-03
1.545144227099753617e-02
7.406003454223444860e-02
7.668248771159291710e-02
5.611874234481942225e-02
5.223357280831741195e-02
6.372535629767978049e-02
7.456707160120494039e-03
-2.836941453720492196e-02
2.171435623057574663e-02
-1.614775562419400916e-03
2.315778051806938881e-02
3.793237224369216953e-02
2.737321497646662272e-02
3.779352158561256891e-02
2.840035778140563225e-02
5.416267399970206564e-02
9.487434905249474137e-02
1.144530644043476181e-01
1.183069102695923497e-01
1.374800909264990156e-01
1.281446052303180649e-01
1.101865451300928778e-01
-1.479680127227602675e-04
-9.761866215071468567e-02
-1.325953504676778694e-01
-1.103310942997774990e-01
-7.938881841881792467e-02
-6.626028729739050216e-02
-7.759543651302415468e-02
-9.886736965694888080e-02
-1.017068966424960613e-01
-5.862453417607568773e-02
-1.833030432739125512e-02
-2.403609108008312664e-02
-3.856658892301113167e-02
-5.761283235802160119e-02
-6.568049855333416009e-02
-5.220118201423486204e-02
-2.621873833818360797e-02
-1.601348695327760308e-02
6.271345026874805550e-03
5.110823025840384448e-02
8.033641986128892132e-02
6.790250993956056802e-02
6.399228258803818514e-02
6.347871663247904583e-02
4.503701282598484429e-02
-9.294283654639568654e-03
1.551200979071318091e-02
1.908422335868240755e-02
1.460272407800784766e-02
3.046951619199811390e-02
2.181229997734051781e-02
4.416043773798273425e-02
3.584035835936353470e-02
6.052197810080783835e-02
8.768968168117290130e-02
1.136338485686340244e-01
1.227301902115355142e-01
1.398924048115275653e-01
1.302216793148531504e-01
1.163544647365538226e-01
1.203272352383471903e-02
-9.182598570211090994e-02
-1.199720009866519360e-01
-9.042983356774725312e-02
-5.905788092818452240e-02
-5.423879632236946330e-02
-7.234414881216083559e-02
-9.202072160773633325e-02
-9.539624573534029317e-02
-6.548729531730626552e-02
-2.712368902713107807e-02
-1.591345400695252238e-02
-3.969828003298701141e-02
-5.951045013354006041e-02
-6.283744862586204682e-02
-4.637921753298714089e-02
-3.021727312394257778e-02
-1.523224430001688008e-02
1.225206215945069503e-02
5.570874047311978605e-02
8.157447253753102867e-02
7.287263170689910197e-02
5.963936166149740037e-02
4.606319426593842581e-02
2.602298071309984764e-02
-2.841607211977663361e-02
1.914737927092585723e-02
1.659428547056468473e-02
2.270944638342347124e-02
2.656749547646276161e-02
1.375677631586858136e-02
3.913561443916446780e-02
3.770191297335356850e-02
5.926737319345599941e-02
7.827115024649469732e-02
1.007393174632112420e-01
1.059514943029099127e-01
1.284141465927118309e-01
1.263572154078289045e-01
1.034269994708533341e-01
1.376332864187256727e-02
-7.320452280371431142e-02
-1.048645851576169435e-01
-8.278501679541627745e-02
-4.794579419803844667e-02
-5.804692065883811786e-02
-7.082052778170834506e-02
-8.313933397675110637e-02
-8.533704587692066135e-02
-5.537950437104326856e-02
-1.229869748580532038e-02
-6.666120739111721684e-03
-3.123095373515135872e-02
-5.427125237546144565e-02
-5.994705033840966313e-02
-4.991190751231552175e-02
-3.480334026753947180e-02
-9.335890532688814400e-03
3.437848257148428538e-02
4.467884458565770517e-02
5.319170947985910752e-02
5.024685381287357505e-02
4.572940246788385205e-02
3.417022594731287943e-02
