7.477923655531361347e-02
4.284472709021926173e-02
6.132892585258666041e-02
5.542962188681804792e-02
1.335930617067497550e-02
1.881029537776967436e-02
-1.707425115815199013e-02
3.656725082252432202e-02
7.232631862914522258e-02
8.380920330820648689e-02
1.133577894924016893e-01
1.611208213189503913e-01
1.881945589622327220e-01
2.021093709946914507e-01
1.739098386461452039e-01
9.920550571354318226e-02
1.580300602201611254e-02
-6.017239635969975908e-02
-1.016518608196648465e-01
-9.485649024201854573e-02
-7.112928052115333188e-02
-4.171123689173144439e-02
-3.321544154591626885e-02
-5.133499337280455349e-02
-4.746115296340928935e-02
-2.202240098385787812e-02
1.367114161084559756e-02
2.177048752623698957e-02
2.172628214066592983e-02
3.050151805712747466e-02
1.596858652061809367e-02
4.183509880390371555e-02
6.985356237763391818e-02
1.804098317976931057e-02
-3.662695210923454237e-02
1.562823070338021291e-03
5.564033728252075310e-03
4.968116885026003723e-03
2.799293594439538832e-02
5.313360427451714607e-02
6.193579448533321347e-02
4.202248443182093202e-02
4.070545927121062973e-02
3.610689986714227251e-02
-7.524232629001946721e-04
1.082375004952197337e-02
-3.951069148145057615e-03
2.834940159837869358e-02
6.162907059825711853e-02
7.277379378563056389e-02
1.083557703289213664e-01
1.437476340356955984e-01
1.831002405860559512e-01
1.958409553533393410e-01
1.704436621682724473e-01
8.844575294768534934e-02
1.861947101423900783e-02
-6.260088909279516722e-02
-1.125152802769745219e-01
-1.145703484412255030e-01
-8.519011528705471015e-02
-4.667158040124295970e-02
-4.079722104717253134e-02
-7.358061140112118204e-02
-7.030752060731458586e-02
-3.981579988307021312e-02
2.766786970979549613e-03
9.623637043989503870e-03
2.424127120545947409e-02
2.782796890662219552e-02
1.186469144617494607e-02
3.720054040823086300e-02
8.117023960575518726e-02
3.351516919434684161e-02
-2.391336113644163333e-02
1.094937318948471620e-02
1.741297671824691001e-02
1.618210862432855300e-03
2.028121365966608497e-02
4.835506443212139738e-02
7.160270401042602428e-02
4.151204605011610954e-02
2.501378901993365697e-02
3.098940083673007440e-02
-1.328966704382223557e-03
7.392534028360608217e-03
-1.701039045645370840e-02
2.677269143299489118e-02
4.975477115514478910e-02
6.234792585503764334e-02
9.063227868019037292e-02
1.173132914717247705e-01
1.573554696782665796e-01
1.794443552626384386e-01
1.690385646340385739e-01
9.134036988904256638e-02
2.180270463883585488e-02
-5.122723191235570989e-02
-1.057991168248168246e-01
-1.080684177822008735e-01
-8.482151905544137171e-02
-4.659791288673385823e-02
-4.883395548604603509e-02
-8.050381843325823961e-02
-7.512960792701142698e-02
-5.139206539336180213e-02
-1.132417539894757345e-02
-6.649579996642733699e-03
1.629576660885924747e-02
2.042919742347228465e-02
3.550285694920938748e-03
2.304317426590450982e-02
5.872403589636143034e-02
3.958221471337472486e-02
-4.176460519956361715e-03
4.812328349939551386e-02
3.171267293439507945e-02
1.413021780217250944e-02
3.012014197078721062e-02
3.988544466585637605e-02
1.911765295539384971e-02
4.786546668258773174e-02
4.051072203772145691e-02
4.086382592819493703e-02
5.953633696459637199e-03
2.861669094880387940e-02
3.436703697336694185e-03
1.958667152537365425e-02
5.715519535711277577e-02
7.066651162846647460e-02
1.027425666652730107e-01
1.187226581298916062e-01
1.447345776254373717e-01
1.764249797038675294e-01
1.597803288556949308e-01
9.368077748630856960e-02
2.725935671618062370e-02
-4.392104644087382881e-02
-9.792633515880640183e-02
-8.907169780616207289e-02
-6.268187255741285158e-02
-5.184670987485476973e-02
-5.668831301706259151e-02
-7.247471761613412389e-02
-6.393807043398684609e-02
-4.155289775255717466e-02
3.740989468193947273e-03
1.058228253987627404e-02
2.390200559036334202e-02
2.736820248923945917e-02
-2.463857613144313386e-03
2.510553919370940232e-02
6.853757451179751103e-02
2.343122156780572465e-02
-2.809378913042627837e-02
-1.222466085083207497e-02
5.288840749669746800e-03
3.414162720554299920e-03
6.656138502051724658e-03
2.129256697976176019e-02
2.686264982213501865e-02
3.297055532601263217e-02
4.552260792638840314e-02
4.094786380122441422e-02
3.128287926198269897e-02
3.893690635652299198e-02
1.311433192351038959e-02
6.679400937967075805e-03
3.909542609348366782e-02
6.851308501388923833e-02
1.017818205825429118e-01
1.131649031488539126e-01
1.417243452035098217e-01
1.650147370424826232e-01
1.592006691585543809e-01
9.263839807229462542e-02
3.599172970242747044e-02
-3.238622926420788722e-02
-8.194906712523598868e-02
-8.268377006466955115e-02
-5.440590437651841860e-02
-4.667957237962797046e-02
-5.445417526926327884e-02
-7.070921087465265042e-02
-5.625964248805494228e-02
-2.948722899417513879e-02
1.192075417113470752e-02
2.942145071178733917e-02
3.159864410138613078e-02
1.722749646343531282e-02
-2.689608567033671335e-03
3.848510034633551707e-02
7.150702241486710242e-02
3.284326729295655722e-02
-3.016881660128946721e-02
4.871567653704067698e-03
2.739155496025264674e-02
2.492657306018428165e-02
1.218024239462584153e-02
2.603274424495297459e-02
