9.605847548167815650e-03
2.999587541810804295e-02
-7.303448943831326867e-02
-2.574425759952478701e-02
5.550518791706642030e-02
-3.109593065115824964e-02
-3.974859892803526973e-02
2.394364583713921336e-03
-2.899138123772350764e-03
1.003817382327063662e-02
3.454403000248586209e-02
6.607957399404527921e-02
6.523380825300952035e-02
7.631965431413248457e-02
9.961362993062966575e-02
1.357075323007977119e-01
1.588691041895730904e-01
1.078899304138800225e-01
3.725484397559303273e-02
-2.051066221179280447e-03
-5.870510055836597463e-02
-7.644735795941705325e-02
-6.719601968369090517e-02
-5.881356797276443560e-02
-7.939328217602194260e-02
-8.012283566761206621e-02
-7.817690255173100067e-02
-9.688984668474943940e-02
-6.181176534790427252e-02
-1.044555651172240744e-02
5.685998346253376065e-03
-3.775367181051154930e-02
-1.288707162481121105e-01
-8.459420393807190464e-02
-2.343028650801179044e-02
-6.421811988732392673e-02
-9.754620241524709912e-02
-1.409506303044677500e-01
-1.441369528219165197e-01
-1.469475993515770573e-01
-1.188043274044929933e-03
3.257402639679325002e-02
-4.462748616889740394e-02
-3.712676017253858929e-02
3.173768338852413912e-02
-1.715533794888367269e-02
-3.681569604146209956e-02
3.733586656527702538e-03
-1.198293604725996116e-02
4.448283055262782990e-03
4.362599180962243445e-02
6.236253793562937520e-02
7.512826477654883928e-02
8.302655357849715589e-02
9.236427309264540197e-02
1.382715473315475896e-01
1.585664481939196291e-01
1.090202375152091313e-01
4.171691611040106995e-02
-4.073254644611604711e-05
-4.946566631082360138e-02
-7.705883459612052067e-02
-6.410772925861499272e-02
-5.634640839056920258e-02
-7.193171591276842358e-02
-6.482023640738626691e-02
-6.915481283622516850e-02
-8.743286443862519075e-02
-6.095254532602638331e-02
-1.131618181131255514e-02
1.251933381942059442e-02
-2.573085462406299664e-02
-1.083757975376814647e-01
-8.203812405089012938e-02
-1.701338947030405988e-02
-5.004071536726341363e-02
-9.615730754367793343e-02
-1.313372981705340503e-01
-1.376150272271648156e-01
-1.450440114965914629e-01
1.567118131175690432e-02
1.910886787612833121e-02
-3.939328241573188810e-02
-3.431425814193583140e-02
3.125672617323389801e-02
-9.495631649328001994e-03
-2.642319491945736495e-02
1.218079891697920053e-02
6.332693331046595001e-03
7.740539948369340797e-03
4.330204969337164006e-02
6.354335162699169259e-02
5.965625168537719292e-02
6.910475234731751348e-02
8.900464698630702887e-02
1.235858043141793983e-01
1.406914966175414894e-01
1.067289571536088055e-01
6.142812578346617397e-02
2.387634808970207686e-03
-4.523082343207864009e-02
-7.236338828538552148e-02
-5.303123654688983446e-02
-6.008537797764613997e-02
-6.633921170345463691e-02
-4.964518785109119786e-02
-6.893836824637046556e-02
-7.831435749301492166e-02
-6.264500030050311474e-02
-3.059630830396510223e-02
3.434505168838720805e-03
-2.583459200923665655e-02
-9.229258011333114908e-02
-7.697130926259390660e-02
-1.229916559458711992e-02
-4.387886755355908247e-02
-8.362305212437215474e-02
-1.434684134302566805e-01
-1.436082278322416972e-01
-1.298673985377971074e-01
-2.575859103115324660e-03
1.860053004508739616e-02
-5.682967472682411147e-02
-2.877128673986676169e-02
2.796353298040170701e-02
-6.001515456784280340e-03
-2.729759544425867240e-02
2.332648614057075687e-02
1.148641515617707456e-02
1.374985824171841287e-02
4.567201920716397467e-02
6.172684452283631190e-02
6.277565335208483421e-02
6.886360932520296796e-02
8.555085891809893761e-02
1.161171290480332713e-01
1.287726273290611678e-01
1.007691507660323782e-01
7.475471864183837190e-02
1.781139722693183408e-02
-3.870169573548876835e-02
-6.235634039067174811e-02
-4.076542547316443915e-02
-3.699904860790916711e-02
-4.841882199829199152e-02
-4.480726758545695854e-02
-6.628965091127642095e-02
-7.224587791257515434e-02
-4.931767727479491326e-02
-3.274624657669967381e-02
7.839132842042431616e-04
-1.596544573307137616e-02
-8.152446638322741190e-02
-8.720747062990630294e-02
-1.104774351920611263e-02
-2.931519678395199877e-02
-7.264915890611818583e-02
-1.392510716710106955e-01
-1.495362584439433595e-01
-1.250170635155872234e-01
7.353078703327821201e-04
1.785622025501680879e-02
-5.622852555851636652e-02
-1.739647981788492240e-02
5.032406565351690148e-02
1.477727975012408344e-03
-1.737974367309505844e-02
3.677969173227552124e-02
2.665175915592663328e-02
2.713970824634283352e-02
4.263094131425259475e-02
6.218300869540596687e-02
7.337352916477653253e-02
5.816204469223076184e-02
7.503189031502412176e-02
1.041987795036187076e-01
1.273412048207317737e-01
1.145148406135153146e-01
9.514347146609493378e-02
3.805484968420857345e-02
-1.341788050938799368e-02
-3.458880678911645939e-02
-2.945472215369188129e-02
-2.425361436358317371e-02
-2.567294785140856322e-02
-2.846834779538649079e-02
-4.993496789708645744e-02
-5.700187779977758384e-02
-3.249310511465172691e-02
-1.302199373518305413e-02
4.312773041916070221e-03
-7.090292012201884243e-03
-6.620781452450366644e-02
-7.520037176804798829e-02
-5.547488128405736289e-03
-2.076427858309489935e-02
-6.860973690496020849e-02
-1.357994004504602947e-01
-1.427802814743260595e-01
-1.061368028287317244e-01
