8.948536271207938042e-03
7.155494171806693615e-02
4.651396303724947279e-02
3.670892356236939158e-02
5.245359813145748090e-02
4.682640795741797174e-02
3.896163526126147914e-02
4.910472945507728809e-02
6.635595559143142586e-02
9.366856863366208874e-02
9.636080857996702498e-02
1.264569138390403691e-01
1.508009757099250114e-01
1.502330563013418718e-01
1.437686236333712286e-01
7.361933594637451450e-02
-1.079895888907762662e-02
-6.266163482876249691e-02
-9.605292105601542785e-02
-1.148022112059614991e-01
-1.029168892533925128e-01
-6.551174232529943797e-02
-4.232059675112718328e-02
-4.109918663714903081e-02
-5.844485686428282922e-02
-4.647720859694880885e-02
-1.027291871989989905e-02
3.451407210291349004e-02
5.933900666398453372e-02
1.898993685565552106e-02
-2.824552883686803559e-02
-2.800403193431329901e-02
-4.246569818395352913e-02
-3.516160382567729698e-02
-4.764331974741813774e-02
-6.493138595905713351e-02
-1.000580016645716414e-01
-9.050171120779033906e-02
-5.824406754410504927e-02
-1.242681657301600989e-02
-2.459220150741826816e-02
5.864287337155094093e-02
4.144619090639121289e-02
3.509734748529526327e-02
3.082935315853932781e-02
4.865443455463109440e-02
3.754369898212934348e-02
4.092656631093023051e-02
6.177503101572760086e-02
9.334801602494462169e-02
9.863950074381515332e-02
1.231597509206035918e-01
1.462836806314410099e-01
1.643980932083689006e-01
1.518024060401873543e-01
7.167967241764168496e-02
2.214253677528067298e-03
-5.740522719699217569e-02
-9.368567309654438069e-02
-1.093909036714383609e-01
-9.255743898799070890e-02
-4.910378676084084515e-02
-3.343121419960329993e-02
-2.721063726760449344e-02
-3.863453807872496010e-02
-3.449682278131705609e-02
1.167022556705277995e-03
5.335097821882466701e-02
6.433374500590852141e-02
1.742272514148867843e-02
-1.813427997896580046e-02
-1.496792272195525755e-02
-3.142500059225092346e-02
-2.028650493511693215e-02
-2.752504351938506524e-02
-3.646387461249289003e-02
-8.096387502726387631e-02
-8.264711674443248057e-02
-7.021739891519687693e-02
-2.946698624520055834e-02
-1.500524657509978016e-02
6.175617882440066070e-02
4.416550547843291902e-02
4.996054759534256096e-02
2.475029483635555680e-02
5.069596985312701393e-02
1.840790183791472800e-02
4.320246784515464900e-02
6.183888179425669346e-02
9.324099523344352158e-02
1.039734674684869159e-01
1.220093576931919332e-01
1.469592915241240971e-01
1.589346699944086394e-01
1.478467229122573112e-01
7.242129065282308653e-02
3.678017148539283743e-03
-5.903303858897759882e-02
-9.598237590493255422e-02
-1.087444233846896063e-01
-8.444734853969675104e-02
-5.257638534704970473e-02
-3.552922064446657757e-02
-3.172048109756050310e-02
-4.874894086470140525e-02
-3.577506963590671579e-02
-8.082038051334398260e-03
1.920662443313560924e-02
4.096942638668306380e-02
-4.471922581948393691e-03
-3.845256393420534713e-02
-3.810942365166821583e-02
-4.385242153124147696e-02
-3.082125522367403642e-02
-2.643977739913094469e-02
-3.832677330305470087e-02
-1.048019242232628573e-01
-9.893285981817634411e-02
-5.805527809504437697e-02
-3.524406597070529890e-02
9.554518955946694758e-03
7.803789766421208307e-02
5.002831813714962023e-02
5.850259561896346827e-02
3.694789545269679641e-03
6.004587516038115136e-02
4.908271961344577022e-02
5.066062710879178782e-02
7.044717441120543211e-02
1.014489287470018569e-01
1.080128309727305252e-01
1.284703161411386019e-01
1.480876921999990659e-01
1.592388846618262022e-01
1.566130004179125124e-01
8.975882165488646702e-02
2.138498868664105365e-02
-3.442130726588508299e-02
-7.047686838193238656e-02
-7.973178259017259240e-02
-4.295156511028371676e-02
-1.586600379502225641e-02
-5.799752988591939246e-03
-1.889989244123747164e-02
-2.626681042808842390e-02
-9.310239881543133297e-03
1.079903141941255043e-02
4.385680079395946895e-02
4.892449309379224426e-02
4.304224068855349097e-03
-1.659610568481042700e-02
-7.895546258938287293e-03
-8.536073749693881552e-03
6.627979504412723601e-04
-2.029658716745573466e-02
-4.184408118166612484e-02
-1.159996093734607381e-01
-1.263583758101996246e-01
-9.940673129472113456e-02
-3.548419396679649424e-02
-3.002987650656144779e-03
7.459002454730323528e-02
4.639170345254318983e-02
5.437569225081523294e-02
3.407138296637886310e-02
6.744908931996371204e-02
5.674673396527812885e-02
6.187721862224895147e-02
8.004673193433958778e-02
9.740144123177237045e-02
1.132029721454676230e-01
1.269642026188762818e-01
1.411782208856026399e-01
1.482844314921367701e-01
1.333247998960609415e-01
9.264937880741920539e-02
2.599112491198311142e-02
-3.272091879354115107e-02
-6.052806693303401653e-02
-6.201825173924113699e-02
-3.472019190773641822e-02
-9.923041899717372286e-03
-2.483277965940862766e-03
-1.601100265242452400e-02
-2.328054896399796292e-02
-7.108206187840949118e-03
2.959256039203776462e-03
4.141859959680574410e-02
5.527684302238669578e-02
1.899893824274916446e-02
-3.019603563251397824e-03
5.343032291628320614e-03
1.031304367780787323e-02
1.226074505194445219e-02
-1.925590309100662714e-02
-4.162320677638885191e-02
-9.474792853446308005e-02
-8.284584158988923808e-02
-6.905937455921656865e-02
-2.837957377444009707e-02
