-4.623527999185946674e-02
-2.315946126317052975e-02
8.854425023467837885e-02
-6.091851983947842164e-03
-2.654055340515403677e-02
3.364998633022215496e-02
3.103371706083546747e-02
1.078769856613161389e-02
-3.170323176219316114e-03
3.849003282495065681e-02
6.054954155680751515e-02
9.366790878310868318e-02
1.001493904589366157e-01
9.875472801871038042e-02
1.076983267184510040e-01
1.469460286667542137e-01
1.392882468259982187e-01
4.709087380556450930e-02
-5.188669575749591673e-02
-9.073522534849171040e-02
-1.408015443890641427e-01
-1.483069229378662091e-01
-1.301807604857303236e-01
-1.075860900660760289e-01
-9.895222310528734022e-02
-1.146332714705971256e-01
-1.027759121085913135e-01
-3.939573236102206916e-02
-1.166000113459016337e-02
-2.790670627255137370e-02
-6.808677130830126378e-02
-1.077850068714074211e-01
-7.653195249627701979e-02
-4.848290577799907464e-02
-3.817799416404009383e-02
-1.078980617341346662e-02
-1.629814665348402677e-02
-1.833939223863539913e-02
-1.618243962792639129e-02
-5.605875761915023181e-02
-7.385115882445662805e-02
-2.053151529917276660e-02
6.626113406771659553e-02
-2.889667606854830206e-02
-7.998902051769561650e-02
3.696704773037006592e-02
2.725273748332990992e-02
-6.635777922249335749e-03
-1.638490982029887355e-02
2.697647026770106163e-02
4.301473197141150034e-02
7.471379817470542861e-02
8.911168247754731875e-02
7.315312362292752946e-02
8.829727319102805005e-02
1.426222110944068144e-01
1.277735192293131816e-01
4.671536106327450755e-02
-6.101831577347353180e-02
-9.530278205625988819e-02
-1.514952550902123329e-01
-1.485772788636365305e-01
-1.281494547839065468e-01
-1.114192652263410188e-01
-1.202075909122733988e-01
-1.362584922657004427e-01
-1.232343682836384291e-01
-7.484487031535383417e-02
-3.367547430145426124e-02
-2.098210064526507754e-02
-8.016178805037897648e-02
-1.167787024469797846e-01
-7.948660473283072903e-02
-4.703887120224932439e-02
-3.359720771488948488e-02
-2.270736072010612339e-02
-1.228978442344499759e-02
-1.044314282662320639e-02
-1.572354043458739845e-02
-4.291016079014306484e-02
-9.057700261895985927e-02
-2.280223790455612395e-02
4.920638813219953972e-02
-1.628368302394925249e-02
-5.972128685299274431e-02
1.519166480042415807e-02
1.395010404653660406e-02
-1.196778904914522559e-02
-8.050834945304350190e-03
4.390366692902723106e-02
5.329776281409909222e-02
7.910502746418787701e-02
8.730492100954097279e-02
7.110429767751867691e-02
9.111923804031260565e-02
1.224352232267551521e-01
1.036045872258869044e-01
4.960481216610906213e-02
-5.203185454259113413e-02
-6.162885220170417899e-02
-1.214464197420900005e-01
-1.303720210603797058e-01
-1.050718642054539326e-01
-8.935799631619417704e-02
-1.050855265961334467e-01
-1.290704170850333898e-01
-1.188547599838045699e-01
-6.217218473990755723e-02
-2.352295187658201212e-02
-3.814080137363377691e-03
-6.436642386260850446e-02
-1.044411574344088350e-01
-5.990670392252569337e-02
-2.216337626753686618e-02
-8.074646765237223842e-03
-4.179992363844558536e-04
5.240933014661508689e-03
-9.759844428450887774e-03
-3.545093910278649535e-02
-5.623814891666232413e-02
-4.870822976342458616e-02
-9.392109133028703552e-03
3.792001549658498977e-02
-1.713347427777879919e-02
-2.848729287441020136e-02
2.519773829524597428e-02
1.929636649575942886e-02
-1.879416002964461388e-02
-5.303962373157651219e-03
4.628191098844897100e-02
6.044515946594365696e-02
8.306798055161659922e-02
8.012082572770923283e-02
7.903912753683399461e-02
7.873810803286708515e-02
1.132419951174698791e-01
1.033282097549361594e-01
7.202613515493819230e-02
-4.349824136504998676e-03
-3.650326970742413801e-02
-1.012564580883484056e-01
-1.009357445194186409e-01
-8.944467376476139542e-02
-7.890440903291921770e-02
-8.534239704925776493e-02
-1.145950851061734027e-01
-1.022695841438411163e-01
-4.152266970559638504e-02
-2.691153256845008317e-03
6.198367101813579902e-03
-5.330193377934213522e-02
-9.602283314519884094e-02
-5.555588427962181164e-02
-1.636939030608797196e-02
1.918476371987360308e-03
1.464439736184963876e-02
1.817447035133139960e-02
-1.002904493777263990e-02
-1.667450029697545646e-02
-3.146843013826482877e-02
-2.395798568203835396e-02
3.149819988738411514e-02
2.833538211537448698e-02
-2.731361000577421649e-02
-3.142809679600535450e-02
1.715072820486794256e-02
-2.079223673374716239e-02
-6.450097153088174204e-03
1.637424682892125311e-02
6.027413553658460960e-02
6.118260663627875240e-02
9.699996395912172109e-02
8.494694970802636746e-02
7.555822784125124092e-02
8.606717518699480429e-02
9.940063418334701972e-02
1.032324077140331225e-01
8.715394296623429904e-02
4.245366707776888210e-02
-1.251175908625651832e-02
-7.724465832824382872e-02
-9.682250575784626112e-02
-6.872934508898387307e-02
-4.947261002862747559e-02
-5.286029614210322608e-02
-1.042045935964534265e-01
-1.033295131926698779e-01
-4.770454661176459082e-02
-1.529067404197793781e-03
2.052719984197520428e-02
-3.166099379793105989e-02
-7.684562184195344037e-02
-4.451498934837377214e-02
1.256860164337807086e-03
1.941885647129091771e-02
1.300653663713592298e-02
8.846159520797390596e-03
-1.709983916106797832e-03
-1.063858386376786459e-02
-2.904726670028872151e-02
