-1.091880814962745139e-02
-8.150369124156143022e-03
2.798715909952101746e-02
-2.562378122462324187e-02
-3.444063764159694969e-03
1.041618569615640304e-02
4.766269886805037798e-02
-5.761697399052826893e-03
2.749341467850569334e-02
3.024798847972333046e-02
5.366576632525337648e-02
5.566514293455521178e-02
3.740930902145024606e-02
9.416382017015292871e-02
9.815949932308246084e-02
1.143502457139590062e-01
1.270513760598456499e-01
4.941447029373919470e-02
1.835179014685081947e-02
-1.043687378946224140e-02
-2.683631713562306675e-02
-6.149595579297701536e-02
-1.040663916529554478e-01
-1.153986107295258134e-01
-1.087764884750973410e-01
-9.074400491489034715e-02
-8.755523175895751908e-02
-7.569474693271702193e-02
-5.754089649948271323e-02
-4.641902765499138911e-02
-6.352926912537289195e-02
-8.886363471660471691e-02
-8.804285570438952213e-02
-8.627202121032513660e-02
-6.782258245682223907e-02
-7.672709000215656439e-02
-7.270364366089743235e-02
-7.348760483033547897e-02
-7.755597722584997578e-02
-8.491555846555626230e-02
-2.112768358515663969e-02
1.306926077484305525e-02
2.228911890999556861e-02
-4.435351785054518492e-02
-2.076502016834447240e-02
-2.730639899843409078e-04
1.870260879688218081e-02
-2.683244233295731945e-02
2.132311212409374046e-02
1.720700397650050048e-02
4.685465053601094165e-02
5.397177529915971050e-02
2.095027154050973367e-02
7.918413955165237716e-02
7.801713341957579317e-02
1.064579145243484126e-01
1.165679910301488931e-01
5.222172407266507943e-02
1.168186800646636367e-02
-4.416967553043164157e-03
-2.598347859912477492e-02
-7.218127685289567330e-02
-1.094753204928012591e-01
-1.128449130580382737e-01
-1.101943364400478076e-01
-1.045141092797171600e-01
-9.308046968260604015e-02
-8.762393553141228919e-02
-5.968042047673462192e-02
-5.046619930947719712e-02
-6.775150533163502853e-02
-9.766111705435437385e-02
-8.968286402789463208e-02
-8.397192917990160821e-02
-8.789657897735546344e-02
-8.877223797751868095e-02
-8.629916653647719260e-02
-8.120730618525293099e-02
-9.398989607953787961e-02
-9.240541648659607310e-02
-2.729264885474610644e-02
6.052145393903053498e-03
2.214265314954742478e-02
-3.865621053260367285e-02
-2.763008184104708692e-02
-1.527721266198285403e-02
-1.207990298547519754e-03
-4.112699736307106474e-02
1.155151306426030651e-02
4.302660238087629291e-03
4.008979012491999117e-02
4.474496867353910945e-02
2.223565111213733625e-02
6.168143528120029889e-02
8.555603429209986122e-02
1.014217591049636491e-01
1.194296015391335813e-01
5.475308703636228014e-02
-2.449097733593946780e-03
-1.629781845926710215e-02
-4.418514623868108337e-02
-7.816165142161701773e-02
-1.083528338415519210e-01
-1.184016012727850814e-01
-1.084287515318734657e-01
-1.035283795672772705e-01
-1.066161024089677251e-01
-1.012794552209538151e-01
-7.083377097554642565e-02
-5.976838481721474111e-02
-8.076240574556814433e-02
-9.818520567608511607e-02
-1.040424633257777121e-01
-8.538861452518686779e-02
-8.801534879588013283e-02
-8.425790794535326089e-02
-9.657279691884514128e-02
-8.770903016147568731e-02
-1.022464174153588090e-01
-9.759437621775839122e-02
-3.740878475555182991e-02
2.769593761807429087e-03
1.593997899119484890e-02
-2.792792087438200968e-02
-4.284470556042890843e-02
-1.620444419964823385e-02
-3.226851503451722350e-03
-3.555855397447112848e-02
6.701469523929921845e-03
3.626265059601675635e-03
1.968659588078889092e-02
3.727955798276479799e-02
2.366523353436056354e-02
6.437360677220166361e-02
9.019745913103779933e-02
9.659854232347611647e-02
1.097059954630055095e-01
6.763668429610703026e-02
1.545249885251673023e-03
-7.154103508991030078e-03
-3.761619559702471943e-02
-7.732305471769417016e-02
-1.156894907319417909e-01
-1.255678401266632216e-01
-1.236528532910307066e-01
-1.065853954910454121e-01
-1.040616766870803567e-01
-9.313351575466900789e-02
-6.725460678054666352e-02
-5.566577151966472375e-02
-7.323257244138352273e-02
-9.543114176227075751e-02
-1.130513362514149744e-01
-8.731189438329517438e-02
-8.971112727143484844e-02
-8.657848781131226301e-02
-7.713203193384231271e-02
-8.176939963225164643e-02
-9.137972458338472492e-02
-7.961429708474519751e-02
-5.281632800987794141e-02
1.173171457110917457e-02
9.764534655557615198e-03
-3.036195330792296546e-02
-3.817146147136906559e-02
-9.887448289128656850e-03
8.208310970583921956e-04
-2.687843727208055755e-02
-9.961076227553121443e-03
-3.613395421317010508e-03
1.672695145143488979e-02
2.426375887948420754e-02
1.887955715356434347e-02
5.203941505981469345e-02
7.667921019228308988e-02
7.755813418585495722e-02
9.028893875342912378e-02
6.887915780691196421e-02
1.882553503227990532e-02
-3.410889851099910015e-04
-3.911441682694872385e-02
-6.728120131907543156e-02
-1.052247340070817244e-01
-1.220063472791917680e-01
-1.176456570525718504e-01
-9.406533307143492839e-02
-9.241011015800831840e-02
-9.180612355141468117e-02
-6.131696017759560857e-02
-4.855631147179945845e-02
-5.889539380976243493e-02
-8.210927226135746049e-02
-9.151130571372902145e-02
-6.317215231216385951e-02
-6.802274515103746977e-02
-8.479333272917416453e-02
-7.017303407576190588e-02
-6.711812814339983280e-02
-7.830588766521510979e-02
-6.923409203065913897e-02
