1.235444084533563885e-01
6.432387833249547660e-02
1.049774121632757462e-01
9.504354918569539457e-02
1.038592250490486396e-01
8.338892075910409041e-02
3.720827247024617590e-02
6.290233453694417387e-02
7.501156644398070117e-02
6.750846775965714530e-02
9.419231835457840540e-02
8.943653056054309824e-02
8.823555762374434008e-02
1.083455173899319224e-01
1.536867210289998009e-01
1.047030401922949827e-01
5.464946462710033870e-02
5.176533409449233375e-02
6.596051478944844892e-02
1.005197176970428624e-01
1.103208144230222038e-01
1.094388198039554505e-01
4.941540490491400789e-02
3.702151546070600509e-03
-4.992741052586625351e-03
1.034740528301470244e-02
3.850004952439418232e-02
3.953218770478314492e-02
4.666038596332345439e-02
5.348851214663408876e-02
7.990687928847921978e-03
3.355262917451802378e-03
4.255054917325106628e-02
4.328768528450502306e-02
4.707445437214630157e-02
6.608750572106725230e-02
5.906186465995718476e-02
6.305520191714707179e-02
6.728223116467256515e-02
7.441361727040710083e-02
1.189855816727347498e-01
9.451846633128420383e-02
1.260868074857260379e-01
8.609266790198889796e-02
1.046378126369736095e-01
8.813737692007314606e-02
6.054281041930781315e-02
5.497459329463715710e-02
5.965826334677964971e-02
7.401830907388438907e-02
8.871815432594708228e-02
8.519106979379639788e-02
1.027567345464947962e-01
1.125307484470640385e-01
1.539180255580645806e-01
1.146026800264709350e-01
6.958215643833637332e-02
3.228605006051042670e-02
5.466313132204279890e-02
7.291200119801428958e-02
9.935673239541197022e-02
9.985574613420523937e-02
5.383991186271866458e-02
5.955687672824534892e-04
-8.921725040313811458e-03
1.641438934282883275e-02
3.103897125848542604e-02
3.372028025592305189e-02
5.021247250091912667e-02
5.244192448893853636e-02
2.588212280453239256e-02
8.352734203806753271e-03
4.106332470358137199e-02
5.183405557222570820e-02
4.300913129902361048e-02
5.209420400416654717e-02
6.516606790195940413e-02
5.470454429709763200e-02
7.465685590579698716e-02
6.045232334505530603e-02
1.316794691152363417e-01
8.762079523837638939e-02
1.066354652489742705e-01
9.274939090852205026e-02
8.320066223970518093e-02
5.929024087519092073e-02
5.742794537454516679e-02
6.238563040513177976e-02
7.991182940027645454e-02
8.528087069125163400e-02
8.172798581454145117e-02
6.059411311651800858e-02
8.412274558072653508e-02
9.332287189980592590e-02
1.424783989112248794e-01
9.694906985124396304e-02
4.290801928699466972e-02
3.017515807238518519e-02
4.187434696445412746e-02
5.844053045904690213e-02
7.455087325657001884e-02
7.508122536745547027e-02
4.199210934892424335e-02
-1.087392198970205072e-03
-7.005277237657486430e-03
2.535552102204285604e-02
4.117282802588026480e-02
5.869187122258169576e-02
7.018895038743200310e-02
4.322485220656592519e-02
2.317938648723500902e-02
2.105795302981514419e-02
2.331997321561430844e-02
4.596626044832911179e-02
4.875506376142282883e-02
3.819499512289914467e-02
4.618170820937608084e-02
5.213269494518277952e-02
7.355117047677976749e-02
7.941009879090958623e-02
7.862608914878299604e-02
6.392098393900096098e-02
1.199474654857137779e-01
1.029348529559559744e-01
7.249239238812468789e-02
8.008632235139612199e-02
7.262575619333722088e-02
6.091910002760866222e-02
6.563067538641292886e-02
1.003135716027403618e-01
9.347847520740004690e-02
5.765147558689447116e-02
7.726469179767823936e-02
8.639847536576047982e-02
1.219442111145023350e-01
1.051800606164750990e-01
4.246856334228028135e-02
3.367377255627260896e-02
6.028060234214410729e-02
6.083851188161803342e-02
7.198839718549955580e-02
7.546959401004312007e-02
4.035083135719080838e-02
9.647066230943270732e-03
-5.132734008384152655e-04
2.563503034242567771e-02
4.162976508586317681e-02
3.862835249469200732e-02
5.594067891734279263e-02
5.247505557543286764e-02
2.484661435798656004e-02
9.369756588011618481e-03
1.859990633497772897e-02
4.988337099726711243e-02
6.696406989990251468e-02
5.961544405597710150e-02
4.495734568172516515e-02
4.551258363866052259e-02
7.579977079685203123e-02
7.256065979101453123e-02
1.026747063733378929e-01
5.767615686065130642e-02
1.008255448243407237e-01
1.031765685582163444e-01
9.174578218448849187e-02
6.588025070680313122e-02
5.080904890640616789e-02
5.697554981998356055e-02
7.587438581060859666e-02
8.644451237673352051e-02
7.973156314601836936e-02
7.467647204790620052e-02
8.501893255059676802e-02
1.049633250730629824e-01
1.141353311343705351e-01
1.246109000192557603e-01
6.641677643626046901e-02
3.357706370975438448e-02
4.645425604960791433e-02
6.141115896783354983e-02
7.377339026767230912e-02
5.302220469533291958e-02
1.489622670349689294e-02
-9.642804153174320062e-03
-7.205398636472243844e-03
1.693143068397691062e-02
2.373537516295855937e-02
3.129400860065865292e-02
4.887124618915681534e-02
3.687523850699953726e-02
1.969211742258369924e-02
1.792931625962509989e-02
1.121534573044864411e-02
4.816466596601064187e-02
6.781675641710438462e-02
5.760650657144697484e-02
4.358285523505077419e-02
5.020079941101493470e-02
8.800979836997786798e-02
4.314803094634975938e-02
