-3.283150605582006720e-02
-5.756801965287800665e-02
-5.180723565220476945e-02
-3.654789296947468652e-02
-4.961863296102316662e-03
-2.053058513645800165e-02
-2.742301798670890647e-02
-3.283883208297442430e-02
-2.395357916107659565e-02
-1.807964714140203322e-02
-2.872835387150414477e-02
9.552166131490024336e-05
3.147786281745163645e-02
3.763028975446137264e-02
5.285420491680430793e-02
9.909891781267188629e-03
-4.129979868083608063e-02
-1.088644022740853645e-01
-1.259780606449010520e-01
-1.262036998911381380e-01
-8.967651171649361486e-02
-7.793267733604891667e-02
-1.114354366569952903e-01
-1.400070855943931214e-01
-1.352845678775070615e-01
-8.691509560400477452e-02
-7.779561538798876463e-02
-8.248662815263703429e-02
-7.030737308868277580e-02
-6.198416357661675619e-02
-8.150842670474574281e-02
-8.228310724292844935e-02
-6.163320098020503429e-02
-9.642493997564444141e-02
-1.469581198265832722e-01
-1.248562912182609036e-01
-8.580462429850096995e-02
-4.295472709544186085e-02
-3.699918967145078563e-02
-3.755404860864561267e-02
-2.313385932359436278e-02
-5.379685499494318152e-02
-7.204106719389424818e-02
-4.318882131527391338e-02
-1.365346280664202910e-02
-1.670910538450461058e-02
-1.653463270363783946e-02
-1.285393691949012103e-02
-1.799712327092743702e-02
-1.517483030722570174e-02
-2.263575466287797919e-02
2.116587046933690944e-03
3.047521496837602567e-02
4.373697151604317990e-02
5.237296303745560960e-02
8.443505764998438315e-03
-3.749245189814556095e-02
-8.048971322715084420e-02
-1.231161444293073781e-01
-1.083276598119135986e-01
-6.739298939292358293e-02
-5.683044165676205683e-02
-1.039724456787887719e-01
-1.291232016367885316e-01
-1.175353492538768058e-01
-9.159854116906894494e-02
-8.663487563950360293e-02
-6.132601586509312669e-02
-5.741495224685003868e-02
-5.622015942029121027e-02
-6.611716668845790679e-02
-6.687276659441598881e-02
-5.358000962654604904e-02
-9.567043524700848123e-02
-1.443632330082102455e-01
-1.100962159750078079e-01
-8.537992414778587669e-02
-4.535883701007181745e-02
-3.736021973182875738e-02
-3.541511666046560231e-02
-3.005570542703135672e-02
-6.312325661848830483e-02
-5.869448114775747960e-02
-4.710911308922897944e-02
-1.898838306519807714e-02
-1.589637439068353197e-02
-1.539516723597910038e-02
-1.727937060305993061e-02
-1.546621673618216175e-02
-1.348199388577853500e-02
-1.514296237688293918e-02
1.046546885569723043e-02
2.236846603996731769e-02
4.165588102339730370e-02
4.850450881417753268e-02
6.693022625486543496e-03
-4.456367155834630583e-02
-8.714160843437560033e-02
-1.007621348372205600e-01
-8.539140688421784087e-02
-5.100022304923163691e-02
-7.011753076956472874e-02
-9.206982653356748925e-02
-1.221795245726805118e-01
-1.121412636566927884e-01
-9.036513477394510219e-02
-7.931197426475350420e-02
-8.416813394022366890e-02
-6.953217728846396162e-02
-5.116552792844063224e-02
-6.561441452341211511e-02
-7.019143109642055067e-02
-4.473930615434919267e-02
-7.923375078205791011e-02
-1.377784945200830891e-01
-1.142136412035655857e-01
-1.014616245347971790e-01
-6.981054713658382815e-02
-4.465569560475209088e-02
-6.184630961519142073e-02
-3.044066356737805748e-02
-6.029402077120125936e-02
-6.999583523904129301e-02
-5.307965925940433954e-02
-2.181133672996077646e-02
-2.330537025141665372e-02
-1.514558843458333956e-02
-1.668172708815929967e-02
-1.340972398525416831e-02
-1.324013767644620018e-02
-2.071337288398721749e-02
7.973173808334673243e-05
2.399408933702067495e-02
4.487940397284186089e-02
4.436611756703634502e-02
1.292869040293867684e-02
-3.553858893184071860e-02
-8.063158642938754450e-02
-8.553559261697861460e-02
-8.083232192153218254e-02
-5.796229359404406201e-02
-8.187604615870075486e-02
-1.102847363045606904e-01
-1.212469681735217630e-01
-1.163425351973125660e-01
-9.374676264122855374e-02
-8.273355079415832536e-02
-7.993981962657127627e-02
-7.079646189802063505e-02
-5.796232973735074290e-02
-6.145647744502861359e-02
-7.322071951430550452e-02
-5.411006210669412619e-02
-9.295396732978199184e-02
-1.407051762234087788e-01
-1.281834430360898336e-01
-1.089951261659436038e-01
-7.690762042916766961e-02
-5.454323358149279488e-02
-5.323019004035337703e-02
-4.231145138874137929e-02
-6.034482820745672160e-02
-6.943297932666495087e-02
-6.518955381787681913e-02
-2.975375523167663946e-02
-2.549135299024055112e-02
-2.885451065856530634e-02
-1.052981619627610908e-02
-1.645152845399206268e-02
-1.647951781872277616e-02
-2.213266209869929613e-02
-5.974657436674751451e-03
9.282182008913491406e-03
2.956869657869803936e-02
2.982406124802862088e-02
1.404236760734738250e-02
-3.096866327251460160e-02
-7.179697899300159503e-02
-7.756345390332201883e-02
-6.736444945314912225e-02
-6.745989235950086704e-02
-8.657075063451105668e-02
-1.111380266924375387e-01
-1.165990024808838815e-01
-9.951149881540746756e-02
-9.230540548550633662e-02
-8.371459220904821363e-02
-6.286640851370442484e-02
-5.531242283368750789e-02
-5.044062823611022983e-02
-6.026137454288074680e-02
-8.071236742032372735e-02
-6.643792977069534755e-02
-7.869544558375478338e-02
-1.355574680493788764e-01
-1.179638744148910762e-01
-1.005243721840815702e-01
-6.667530776552642313e-02
-5.992655847936794594e-02
-5.765292254553441159e-02
