1.373088863212583166e-01
2.443607520905444197e-02
3.678287897756633146e-02
1.327940556234027125e-01
6.986268118342482680e-02
-8.167646547334144998e-04
7.994919681748414997e-02
6.162110844666762038e-02
9.185510314115591379e-02
1.019362271624824068e-01
9.519368419288923300e-02
1.076952170841387751e-01
7.371441520687485593e-02
1.316965866951331776e-01
1.337510780873745198e-01
1.638333081252243695e-01
1.550112921080529782e-01
8.343260573563980598e-02
-1.428876778439449637e-02
-8.732076203793463776e-02
-9.558406734116321746e-02
-4.632826361315814379e-02
-3.738371732694154015e-02
-4.147061044172921374e-02
-3.640896919503171236e-02
-5.482514772051316765e-02
-3.316928857568313127e-02
-3.593369577585098923e-02
-7.427234183889498687e-03
1.132873445465459525e-02
-1.738645928368256002e-02
-4.513990309164387510e-02
-3.924855449144176028e-02
-2.652702598949888222e-03
2.148534087549465108e-02
3.383006302683402161e-02
1.636215178528462738e-02
-2.833509517098374564e-02
-2.605592764393815583e-02
-4.999739333060047863e-03
1.202176861019861459e-01
1.855670063181184132e-02
3.388807123704882379e-02
1.169002367845040913e-01
5.264019802449535629e-02
-1.788176463746014855e-02
7.459008243480259870e-02
5.458869824091915762e-02
9.856741940915933475e-02
1.035417330154368015e-01
9.544195147935018164e-02
1.188538665890114254e-01
7.469277088919888674e-02
1.351736788312886961e-01
1.291543037639126534e-01
1.629446819133689439e-01
1.655015353457564564e-01
9.208481418806488406e-02
-5.588429566994965528e-03
-8.072034965733233813e-02
-1.042328573351964799e-01
-5.938969996677671143e-02
-2.891768840889499814e-02
-3.050029456781522957e-02
-4.664052497088352206e-02
-6.307670702360451687e-02
-5.510355079456659422e-02
-4.640270072073757190e-02
-2.496120854557094121e-02
-8.005127558493507420e-03
-1.611035293375174052e-02
-4.307163178595933145e-02
-6.117711118107955343e-02
-1.268040538436359527e-02
3.532289040470325270e-02
4.246844588587635888e-02
3.374360045183150830e-02
-2.359095266782417627e-02
-1.275635415498116779e-02
7.690660768921132699e-03
1.136855657597174302e-01
2.082325886158528649e-02
3.059362348271420229e-02
9.209166285130558627e-02
6.863350119285004103e-02
-1.422967720435487811e-02
6.420284601224532373e-02
4.836516014742964220e-02
1.140087594277529315e-01
1.027950650799048238e-01
1.051524334078994122e-01
1.239045142486426276e-01
7.134426978523399077e-02
1.288121485451394765e-01
1.169968170287070675e-01
1.322698580694444959e-01
1.405519940858310779e-01
8.336933305206911671e-02
2.410228566028758956e-02
-5.877173226208539519e-02
-8.544334542322250259e-02
-4.881913044704869198e-02
-1.000655194458606456e-02
-1.707916706121869604e-02
-2.820316691976255952e-02
-4.768122126572525710e-02
-5.448600212271385163e-02
-1.589610462034108523e-02
7.133458059053939546e-04
1.194375162196851387e-02
5.349352646373185804e-03
-3.568938494496320252e-02
-3.906042557341263960e-02
1.169050594953494754e-02
3.328411115384737745e-02
2.980596608412997700e-02
3.592881334944768995e-02
-2.637365997613208644e-03
5.224020997878897794e-03
1.676955746684504964e-02
7.913954475050648252e-02
1.578497602922579110e-02
1.723717560398239576e-02
7.451465156081353569e-02
4.863894747326519968e-02
-4.194662685515682457e-03
5.834577687493846393e-02
4.765925823171780068e-02
1.204647356049376311e-01
1.004729935810630692e-01
1.000422195247605978e-01
1.294887070424720621e-01
9.053014275078523354e-02
1.312842546143802858e-01
1.220581498551048250e-01
1.188483911280781152e-01
1.176277359162497677e-01
9.383095520911449716e-02
3.605647479104451270e-02
-5.045318163178425658e-02
-7.948945335262531942e-02
-2.821954670355444547e-02
1.581768562475108567e-02
8.431241744512581269e-04
-2.726522956914679413e-02
-4.717766750479430310e-02
-2.963459883980245832e-02
-1.844530144659842913e-02
5.975237640452901212e-03
2.157730323821979365e-02
1.151631520038540538e-02
-1.973126730349955560e-02
-1.665125792175364480e-02
3.186442574112953452e-02
5.192332424758606957e-02
3.734937164340501603e-02
4.617679759875277512e-02
1.506666398271338213e-02
5.338273869235213472e-03
2.820677801640422006e-02
9.569904295359071833e-02
-1.316146394186563408e-02
2.542710425648072887e-04
6.400497372603825008e-02
2.338063143945729588e-02
1.731242965869022460e-02
7.662069908980587152e-02
6.017936582173313842e-02
1.276299462412666952e-01
1.231226169209660853e-01
9.626412678372631149e-02
1.198568759045054027e-01
9.703135179090199847e-02
1.313580287163601257e-01
1.190582682152969141e-01
1.231786574145374985e-01
1.076114280327948453e-01
1.020400705649095047e-01
5.847002184632442423e-02
-2.625207414276633719e-02
-5.026275329727147856e-02
6.759221507371068055e-03
1.625655598037133512e-02
9.710210809453738781e-03
-1.275107975244767038e-03
-9.709487454072955603e-03
-2.344662368330019658e-03
8.622747180518132177e-04
2.889701067358287773e-02
3.218361869849592494e-02
2.725889091720665180e-02
-9.738146533947561120e-03
-2.468628559527195551e-02
3.965918573208104120e-02
3.976886788076914453e-02
3.161215799973643437e-02
3.732958487795090541e-02
1.113996352874247614e-02
1.602118328841743711e-02
2.388884908059232468e-02
