5.385581963900443192e-02
-1.133604347003473733e-02
-1.148633580148261321e-02
4.910932821928160746e-02
3.397779162851816831e-02
8.214725813483572670e-02
7.725885839797479171e-02
1.390024195118961803e-01
1.057721708464312155e-01
9.155711394893906174e-02
7.567729682379524536e-02
6.050226846061536323e-02
1.020499775803957315e-01
1.171065712432435429e-01
1.828755680337929013e-01
1.777737009570991844e-01
1.445420266616360416e-01
5.613174363446817028e-02
-2.103472441596359807e-02
-9.594725653527230724e-02
-1.251902461878956763e-01
-1.052813820411650086e-01
-5.782231000419206512e-02
-2.673390907463492339e-02
4.427525073997892638e-04
-3.856258397140533561e-02
-8.675131228193465327e-02
-8.620682997357688448e-02
-1.735923477313225036e-02
2.493539920185929861e-04
-5.024598312378789761e-02
-8.005771941506513445e-02
-8.918023342392004948e-02
-8.753964947754138554e-03
-2.499103437824275013e-03
-2.839545591952904319e-02
1.771027774427562027e-02
2.954037774191410615e-02
-1.180531840654024806e-02
-9.715996836045666038e-03
1.682737385550713352e-02
-4.355712709079890589e-03
-3.452325933406497072e-02
2.793590980234278084e-02
1.034464758888649187e-02
4.726792325009065987e-02
6.784197725435923976e-02
1.187026827181405370e-01
8.280714635548457048e-02
7.533505915222035720e-02
6.460832776938094102e-02
5.359573547147596095e-02
8.252973355410438139e-02
1.106064440560549922e-01
1.634079597603748379e-01
1.707689551518093984e-01
1.257023730147686646e-01
5.687312540198400518e-02
-2.486486392265773240e-02
-1.023163877452247517e-01
-1.341565571724593064e-01
-1.106332028359716807e-01
-6.756229459405006799e-02
-2.858901829174467779e-02
5.058920138119437498e-03
-4.015722665407969738e-02
-9.530582123782709025e-02
-8.611811250592459055e-02
-1.322489521188083619e-02
9.116898979274317902e-03
-3.710730011446629339e-02
-8.788573965844623248e-02
-7.793244897994319742e-02
-3.106615861276377372e-02
4.762405191633897056e-03
-1.691496280009291767e-02
1.983075267699043603e-02
6.140880084145506138e-03
-1.712406046527492620e-02
-9.436850834186850338e-04
6.819935533018317043e-03
-7.869331873771418309e-03
-3.944452872335469512e-02
1.287650325750009338e-02
5.471486855876596389e-03
2.856983601664781283e-02
3.088284381175218987e-02
1.000580894175933239e-01
6.656297735294704199e-02
5.990544940133012142e-02
3.925287885594630488e-02
5.191103815818459005e-02
6.573863945328393965e-02
1.005528301636689076e-01
1.354560953071137219e-01
1.524206918530899568e-01
1.167857897803084993e-01
5.822839210465660664e-02
-1.054023065977967993e-02
-1.005629988336184943e-01
-1.378566632678271953e-01
-1.197222594340779517e-01
-7.420693034220915418e-02
-1.322392226053216609e-02
3.995858959496024002e-03
-5.875154030471778366e-02
-1.171206038821647338e-01
-1.094232138128260756e-01
-4.771776888365415747e-02
-3.146396464285375338e-02
-5.763455717577666004e-02
-1.062726788469672973e-01
-8.757758508319682389e-02
-4.938894858175362640e-02
-5.052275370868044126e-04
-7.391118241373194342e-03
-2.948021856131311132e-03
-5.132705999452155665e-02
-3.805731274890480215e-02
-1.604021459357011029e-02
-2.363337773061398653e-02
-3.102033543106103367e-02
-3.760132241986647444e-02
-1.087806569234759865e-02
-1.157798383677917896e-02
-2.743628122625409085e-03
3.946042338011279682e-02
7.767437790947051557e-02
4.533943890943580024e-02
4.110214824398782107e-02
2.614529391030022409e-02
3.690071074403986767e-02
4.459677359017391596e-02
7.961951823853542776e-02
1.044252402931356710e-01
1.312011940299124824e-01
1.115025132878754016e-01
6.031735527989665058e-02
-2.009805665726863838e-02
-9.952111548525877094e-02
-1.246688459867266036e-01
-1.144006898394543392e-01
-6.922574501880417175e-02
-1.854904044269186855e-02
1.164393247043911742e-02
-4.310210117801683422e-02
-9.181814964229541298e-02
-8.678128929638935507e-02
-5.526445253296832782e-02
-2.490243216301184226e-02
-7.896050031928947277e-02
-9.831113673920367779e-02
-9.498157684789140798e-02
-6.281070918357425925e-02
1.294683419640311247e-03
-2.986752402011989306e-03
-6.421831144347493400e-03
-3.720524087991147755e-02
-2.694148428084258695e-02
-1.145304590970377435e-02
-5.034282418456069441e-02
-2.803577883848727692e-02
-3.930169629438735879e-02
-3.435404037856550769e-02
-1.239031721411819158e-02
3.666845774204960298e-03
2.148413126334388842e-02
8.948182692052426834e-02
4.444624046092934128e-02
2.141246443434962829e-02
1.404979977563921602e-02
1.192976342318984723e-02
2.394813668352839542e-02
4.596766517991017487e-02
8.206808281056419963e-02
9.010929111613262543e-02
7.796552780442431163e-02
4.803577781595032292e-02
-1.229221827713588081e-02
-9.791411378067775562e-02
-1.231344800009763207e-01
-9.535995929662027804e-02
-6.915787580654340905e-02
-3.206031338240684925e-02
-9.686472690993024742e-03
-6.525117823242709836e-02
-8.799205166206888751e-02
-7.963095960400069784e-02
-5.798992050692849259e-02
-1.714661644694713896e-02
-8.063206959230474757e-02
-1.171646844435585283e-01
-1.129036595163058071e-01
-7.337888091395754209e-02
-2.068998071240491302e-02
-3.301524469731588474e-02
-1.845976229049684295e-02
-3.473172773013972342e-02
-2.628290260582130666e-02
-2.137168723794436592e-02
