-1.186841878520887603e-23
-8.516344268081749158e-02
-1.186841878520887603e-23
-5.231386006957255974e-02
-5.322689633389856428e-02
-1.186841878520887603e-23
-6.010556348974748636e-02
-7.173304378152990657e-02
-7.034844894931567560e-02
-1.186841878520887603e-23
-5.748508486517488886e-02
-5.465221834634591963e-02
-5.779128647099605193e-02
-8.822581561012468598e-02
-1.113445588037206418e-01
-1.096207799551959378e-01
-1.094339567713190631e-01
-1.131907428983379010e-01
-1.271466256080313328e-01
-1.171794987371642394e-01
-1.074089477099092887e-01
-8.565510702254522379e-02
-7.513161342682665722e-02
-7.471386373976889039e-02
-6.109612432652091613e-02
-6.670142904195155986e-02
-7.896802747834426317e-02
-6.911709155134196370e-02
-7.041393611916307860e-02
-7.722088832118648161e-02
-7.540542284522661065e-02
-6.488198799501260217e-02
-5.936412144965288323e-02
-7.405507661203038217e-02
-6.508707262834341478e-02
-5.114261553084076956e-02
-5.435035717029328833e-02
-5.868055665318877567e-02
-6.471386406493252752e-02
-6.464621713824267313e-02
-1.186841878520887603e-23
-6.339006764198867883e-02
-1.186841878520887603e-23
-9.720768970103410567e-02
-6.222165024516768117e-02
-1.186841878520887603e-23
-6.514856712641964309e-02
-8.012814534652576426e-02
-8.874399377061925609e-02
-1.186841878520887603e-23
-7.001370437940698799e-02
-6.037139940744470912e-02
-7.565753850857631635e-02
-9.451519310472124291e-02
-9.617716119770770844e-02
-9.518620789158789564e-02
-7.219452612762035371e-02
-1.029839122529960099e-01
-1.159543581350413327e-01
-1.127347108017929811e-01
-1.107734790101119332e-01
-1.054747471753590959e-01
-1.029091877370695296e-01
-1.173644743885738778e-01
-1.104842690229582702e-01
-1.134431039988429840e-01
-9.234588957860802305e-02
-9.752823504100437135e-02
-1.111331040529942582e-01
-8.614943313260806090e-02
-9.368027551785514107e-02
-1.092260955304345527e-01
-8.028547189373705373e-02
-7.610745769108311076e-02
-7.494292411230349393e-02
-7.093750461744069424e-02
-6.734778481274693307e-02
-6.919183359777700271e-02
-6.935059239661227337e-02
-7.528502390423938428e-02
-1.186841878520887603e-23
-3.624904813997600894e-02
-1.186841878520887603e-23
-4.562272058254661367e-02
-3.193193823495652645e-02
-1.186841878520887603e-23
-8.911056008594708810e-02
-7.165348330245983888e-02
-5.655801062557661019e-02
-1.186841878520887603e-23
-6.507003840818353924e-02
-6.796863798808655543e-02
-7.030317880173297951e-02
-6.146871659327115406e-02
-8.119278055663130267e-02
-9.149162850674756597e-02
-8.543355465969916518e-02
-6.824066367870008920e-02
-8.903716029749143834e-02
-8.282657548587313290e-02
-7.506695967099363820e-02
-9.155206925009364005e-02
-9.785791455160558483e-02
-8.164254282389217521e-02
-8.873503650636270501e-02
-8.631092379158912531e-02
-8.334279772582077472e-02
-7.908793133863831204e-02
-5.239783228429620299e-02
-7.770264049543740281e-02
-9.848811967635644204e-02
-8.974805438377246591e-02
-9.008472891676597150e-02
-9.369775538876282117e-02
-8.672222609655258485e-02
-8.268437167482724226e-02
-8.798008242926284861e-02
-9.512120158769739320e-02
-1.022864917879894447e-01
-9.557688580008198709e-02
-1.186841878520887603e-23
-4.684473335462132487e-02
-1.186841878520887603e-23
-4.266251458637188715e-02
-4.242682758784266372e-02
-1.186841878520887603e-23
-4.564519025552609549e-02
-4.734339705451566516e-02
-8.250440922789474552e-02
-1.186841878520887603e-23
-5.485986522125759629e-02
-4.266515409034419420e-02
-2.989301852883550006e-02
-4.833072310194708177e-02
-7.430306697251395920e-02
-5.741685485254163779e-02
-7.336278485783348513e-02
-6.667692520023048297e-02
-7.541466028293923596e-02
-6.725371912622563064e-02
-6.493529348771041876e-02
-5.719922410266581325e-02
-6.407354934486599041e-02
-6.277100232696004867e-02
-6.516346152224224142e-02
-5.075150962143368250e-02
-7.639745015962702557e-02
-4.994655016694767025e-02
-6.017709185776620728e-02
-6.055907961367523046e-02
-5.637027579479979983e-02
-4.848322199095077972e-02
-4.748346337370855375e-02
-4.999012049365430393e-02
-4.731586343343373302e-02
-4.701866140039585862e-02
-4.961713383476291928e-02
-5.004023217010607899e-02
-6.145224864366729406e-02
-5.956968344788055730e-02
-1.186841878520887603e-23
-6.253220429975139827e-02
-1.186841878520887603e-23
-5.968815165881835583e-02
-4.626664719693224237e-02
-1.186841878520887603e-23
-5.414555608741300485e-02
-4.021999853351167914e-02
-4.877092671120476786e-02
-1.186841878520887603e-23
-4.485457182986027358e-02
-2.751831473845794615e-02
-4.223662938979169668e-02
-5.277850037895735757e-02
-7.420534237457038218e-02
-5.371783833691171073e-02
-6.856619629055531184e-02
-8.263829323620029699e-02
-6.959283572428434650e-02
-5.063017869067769350e-02
-6.048794361910630329e-02
-6.930607870975465101e-02
-6.506936441535413063e-02
-8.153759988264629166e-02
-6.602766227776167562e-02
-5.323418817052993218e-02
-6.026208566512115256e-02
-5.886675192688935881e-02
-5.205762838162132644e-02
-5.578860776841392671e-02
-5.495362321245284010e-02
-3.461724290349748462e-02
-4.888111921279348487e-02
-4.856932488603999537e-02
-4.812496406112598546e-02
-7.430097122317724789e-02
-7.779174897076238104e-02
-6.879817334676786855e-02
-7.821853960772161274e-02
-8.154423621963668989e-02
