1.563389349960523415e-23
7.287887005795161410e-02
1.563389349960523415e-23
4.258582419871187463e-02
7.177859698791627663e-02
1.563389349960523415e-23
5.123914699313636412e-02
7.975614258459139128e-02
1.320568172920861261e-01
1.563389349960523415e-23
1.261513091630698524e-01
1.255233486286672639e-01
1.685853571186383681e-01
1.691188585789979437e-01
1.943732973519715634e-01
1.400722850472208292e-01
1.255286222815632791e-01
-1.489686741421814703e-02
-6.467386994473858786e-02
-4.244659555238213672e-02
-7.820667205021447632e-03
1.661191634001072878e-02
1.431986433002259591e-02
4.280016384039938941e-03
7.873525313939222850e-03
6.923212674717793558e-02
1.053686726185137923e-01
7.141390542538582353e-02
3.003877646098411167e-02
3.016274939975302841e-02
7.452697543708435013e-02
7.732584112241912278e-02
7.777053255265924114e-02
7.929705084473501198e-02
7.980981884877894061e-02
7.840735868696779853e-02
7.911873885531667261e-02
7.896242604101079421e-02
7.670217023961789504e-02
7.633908706350496509e-02
1.563389349960523415e-23
5.632941191258147157e-02
1.563389349960523415e-23
5.904812342481598197e-02
5.296594397086015760e-02
1.563389349960523415e-23
6.427335445274610926e-02
7.394267145779427619e-02
1.277527498810008544e-01
1.563389349960523415e-23
1.080355206471271395e-01
1.084799900542553902e-01
1.414372060945539300e-01
1.983375275647772384e-01
2.144564515929119897e-01
1.394457844744796671e-01
9.038297782238129130e-02
-6.143033195792145518e-02
-1.298932438850647908e-01
-6.247306407331205264e-02
-2.821594933451080506e-02
1.665034033762714805e-02
-7.488755996038833594e-03
-4.012942351244442457e-02
-2.112230501437092206e-02
3.028947597670755137e-02
2.846781441262529258e-02
7.511096836205017648e-03
1.659290614200256350e-02
1.275928139706485574e-02
3.177972940818565850e-02
5.345531539663748305e-02
6.306487505670982374e-02
6.468664748032668110e-02
6.556533394938335313e-02
7.120677764054832160e-02
6.697336673648029981e-02
6.759543347587372575e-02
6.426583819269661435e-02
5.912022791036500302e-02
1.563389349960523415e-23
7.544810160300538526e-02
1.563389349960523415e-23
7.223013101727701613e-02
4.637432159229776252e-02
1.563389349960523415e-23
4.253859276954274210e-02
7.338152476394142754e-02
1.162329792366813969e-01
1.563389349960523415e-23
9.959116674632047250e-02
1.057516009823371711e-01
1.089566622639554228e-01
1.562831153952936314e-01
1.696744114009586801e-01
1.182132124038827864e-01
4.105272004094740607e-02
-6.240565558431380999e-02
-9.011745409610547042e-02
-8.355431264892013155e-02
-2.341264190687855282e-02
-7.360952013555766352e-03
-8.794221950887762262e-03
-5.042556873015559965e-02
-4.099629433617901081e-02
2.365011254621909170e-02
2.481094897832352222e-02
3.689785281137179795e-02
2.583802202304821827e-02
1.509587710181624701e-02
4.683808509033832862e-02
6.442703970744172171e-02
6.259445384103613785e-02
5.779896602940172434e-02
6.451720309918200502e-02
6.682352154146789514e-02
7.036109086691454129e-02
6.684464049836341681e-02
7.138440352194623528e-02
7.108225408523750899e-02
1.563389349960523415e-23
3.011074552518154535e-02
1.563389349960523415e-23
-1.093973095824311327e-02
-4.453014516149161536e-03
1.563389349960523415e-23
3.540542710231792470e-03
2.910047668323883716e-02
6.899893466324938385e-02
1.563389349960523415e-23
4.793619608077057115e-02
5.568622595894067578e-02
4.978788451900631462e-02
9.336181291979200880e-02
1.118727574930971913e-01
9.078548397282829030e-02
5.858890992381297208e-02
-7.135348232994685735e-02
-1.292738827845096861e-01
-1.017361595960621645e-01
-7.190768344157716374e-02
-3.253631287893904434e-02
-2.948623628719967971e-02
-7.343504772325624985e-02
-8.435623682577339522e-02
-1.089055497947908832e-02
2.158990271427779079e-03
-2.316443569691700732e-02
-5.964886192525254566e-02
-5.768499363096967619e-02
1.287273818254002292e-02
3.566918028902354987e-02
3.904366252249188290e-02
4.390732907363541215e-02
4.677536249361258919e-02
4.938434681479179217e-02
4.753182361457589794e-02
4.562459462379123143e-02
4.688486738713822100e-02
4.703937379887927761e-02
1.563389349960523415e-23
2.202480980714651912e-02
1.563389349960523415e-23
-2.685836093812146892e-03
1.966466114570344470e-04
1.563389349960523415e-23
-1.445338165487222454e-03
9.203880398495477289e-03
2.271495026170767054e-02
1.563389349960523415e-23
5.093662149835115338e-02
5.008688857805189409e-02
2.679763933587327521e-02
8.910386913274315202e-02
5.878806085494137773e-02
4.015631708440745712e-02
1.947080094906172495e-02
-1.112585412409585889e-01
-1.581581709515320622e-01
-1.348997816967494046e-01
-9.121807347319457748e-02
-6.702788679687160522e-02
-4.379590583730624126e-02
-7.966787735628222400e-02
-6.642950446264472841e-02
-1.951495873763943109e-02
-1.389814439049510270e-02
-7.489650015346963063e-02
-9.451064892145334684e-02
-5.224263343132350135e-02
-1.891216990414697208e-02
-1.373427053584431795e-03
1.788123077401268957e-03
1.690519783997692640e-03
-2.106572961010871707e-03
1.513568845306978135e-03
-2.518464263358720888e-03
-3.534993685092681099e-03
-4.255750542008397350e-03
-1.477569798797531784e-03
