1.208080679823272050e-22
7.820738292712392514e-02
1.208080679823272050e-22
1.000605143888974730e-01
1.019334407282496552e-01
1.208080679823272050e-22
8.429315408884767435e-02
1.087553934495203156e-01
1.051566888976352421e-01
1.208080679823272050e-22
1.199874785849615461e-01
9.924929748852527600e-02
1.521661486439914723e-01
2.009439967646192426e-01
2.261507659533839865e-01
1.544791277861220224e-01
8.742367392821906447e-02
-3.055528027443756012e-02
-7.116694252235743201e-02
-3.505730359845527638e-02
4.650386064637372120e-03
1.361112217285357327e-02
2.150689910638994146e-02
3.103103960815101897e-02
7.890900673613990279e-03
-8.117282446842698663e-04
3.181309734383230836e-02
4.245926335616295039e-02
3.588123672453499835e-02
3.034083886924920231e-02
1.405178429386635779e-02
-1.330731655694837980e-03
3.986039716762315027e-02
9.410726570738975338e-02
9.565990758412223904e-02
8.447881654651838434e-02
8.973407608790605339e-02
7.442646933039644142e-02
8.101037683387324329e-02
6.218646763434676483e-02
1.208080679823272050e-22
4.892840045225475137e-02
1.208080679823272050e-22
6.711807300989426628e-02
7.563553291031756276e-02
1.208080679823272050e-22
5.466836945432829165e-02
9.337664542710273630e-02
7.634152462767802849e-02
1.208080679823272050e-22
1.396380846697356237e-01
7.338776013185327463e-02
1.145021582512852493e-01
1.826091757188131881e-01
2.024034659428489147e-01
1.372388123699309903e-01
6.672159673289886073e-02
-5.808347141361076132e-02
-9.480850196671528063e-02
-5.633175525529950795e-02
-3.416625538359210207e-02
-7.210595765223484603e-03
-1.999813183032858599e-02
-6.731626102248268765e-04
-2.653224647369581760e-02
-4.271737077728897380e-02
-1.815295746804081872e-02
5.810920202986423477e-03
1.518991282310747960e-02
-3.119673558074623730e-03
-2.262489073089868005e-02
-1.565268421118141615e-02
4.190784622688221994e-02
8.653596136105297376e-02
9.348349687095437732e-02
9.133058814128973413e-02
9.613918883799084381e-02
9.669563913859892390e-02
9.458898223507411496e-02
9.846175779977467402e-02
1.208080679823272050e-22
5.426283171031634489e-02
1.208080679823272050e-22
3.958863179431380830e-02
7.697589919330809216e-02
1.208080679823272050e-22
8.832281597419110175e-02
6.866600964839179866e-02
5.765595664679879634e-02
1.208080679823272050e-22
8.974556112552285747e-02
9.799807373615658512e-02
9.043138701403789781e-02
1.707551839713155883e-01
1.909183008132752657e-01
1.254832565657033605e-01
4.120996243910058504e-02
-6.574789968311661736e-02
-1.141011104453647645e-01
-7.832551304196079534e-02
-5.153013781759759743e-02
-2.542564383723691646e-02
-2.704880146471470848e-02
-2.866612181711257132e-02
-4.212469946677291355e-02
-3.546866216085620138e-02
-1.207230168555340627e-02
-1.936236942744450767e-02
-1.717441756324270680e-02
-2.156632053473855892e-02
-3.737294127521161718e-02
-5.148832377495497076e-02
-1.787112673140056618e-02
8.373562342486632129e-03
-1.452224417481631519e-03
-5.764271179655730895e-03
4.189433738625574985e-03
2.383037325012833229e-03
1.211779254749664921e-02
6.896065328963551545e-03
1.208080679823272050e-22
5.343325927164224026e-02
1.208080679823272050e-22
7.111282021442848211e-02
5.226122653664645734e-02
1.208080679823272050e-22
3.949283114801865197e-02
3.485319167582216771e-02
4.497051482168384906e-02
1.208080679823272050e-22
5.582831483129110234e-02
7.700631857752651688e-02
6.738405721342077825e-02
1.408951217700729341e-01
1.779029851779793114e-01
1.252665095139056939e-01
7.229049823028786681e-02
-5.347628353487905717e-02
-9.292385132192429453e-02
-9.501782879634107504e-02
-5.107499509255607195e-02
-3.504682301235895886e-02
-2.893974344734230597e-02
-3.455115578263322218e-02
-6.177941885502679503e-02
-6.104739403472703857e-02
-3.543246657616035827e-02
-2.735895066791384916e-02
-1.567588107652663834e-02
-2.869008273419342350e-02
-3.860155732324556388e-02
-3.289704297872560190e-02
-2.391364983069343367e-03
-1.132202337767676580e-03
1.057290767793775399e-02
1.372962874656373337e-02
2.720832725066489946e-02
3.462190492062540426e-02
4.017972303986243332e-02
1.715098512857308674e-02
1.208080679823272050e-22
2.054672804092742139e-02
1.208080679823272050e-22
2.775425481445795844e-02
4.253466649912479580e-02
1.208080679823272050e-22
5.443673523148572641e-02
2.495672496038086816e-02
2.870466774353162484e-02
1.208080679823272050e-22
8.233193680870842801e-02
5.750812522945982636e-02
9.198663837889385630e-02
1.073173877411174176e-01
1.306438959238994113e-01
8.935824396984008711e-02
3.138684469672232968e-02
-5.994624169275278996e-02
-1.270591842525379267e-01
-1.113128362458326304e-01
-7.130475773392373762e-02
-4.192587335448511726e-02
-5.486379395006344556e-02
-6.586170696665660795e-02
-8.530314719901396781e-02
-7.529435493464368967e-02
-5.391481409729240171e-02
-5.097235467548521387e-02
-3.877857641046098675e-02
-2.847072789258358813e-02
-5.455583928141775202e-02
-7.117801842578774796e-02
-2.767950693490473651e-02
6.146728235825640874e-03
1.247910485265528143e-03
-3.208343808865462242e-03
-3.279626207708176942e-03
1.365232664259767754e-02
2.008825242331804817e-02
8.284587765142660543e-03
