-1.192860455083914708e-23
3.853773302994069339e-02
-1.192860455083914708e-23
1.668488015178103134e-02
-1.206596846239333352e-02
-1.192860455083914708e-23
5.323856115243697645e-02
8.908091675190800418e-02
7.315382099933517845e-02
-1.192860455083914708e-23
5.264324029312221487e-02
8.524344921306599432e-02
1.165027963405423361e-01
1.895297405152555070e-01
2.214621797266867753e-01
1.177329992297933281e-01
8.877954777335900216e-02
-5.876492502346792463e-02
-1.230414054552012998e-01
-1.607578350424836988e-01
-1.171224861814913754e-01
-3.101411897085269362e-02
-1.208637996765647531e-02
-2.468774037702308691e-03
-1.606903921336994348e-02
-4.461683977461107509e-02
-8.975570678912742073e-02
-1.079537981206886571e-01
-6.839766417060039183e-02
-5.202907138814513721e-02
-7.160510781859732998e-02
-5.067530097488227858e-02
3.162156330542915256e-03
-1.661706138948396833e-02
2.979458307241140622e-02
2.131399103441766404e-02
1.134748729581657421e-02
3.930813133968172508e-03
-6.180365219910413654e-02
-4.599928271057019541e-02
-1.192860455083914708e-23
4.636345935955519387e-02
-1.192860455083914708e-23
-2.075714456372330236e-02
-4.100974956832230400e-02
-1.192860455083914708e-23
1.161483589620144856e-02
5.896778392407128061e-02
5.718726079773858717e-02
-1.192860455083914708e-23
4.622468496844250874e-02
5.811291418533502673e-02
7.337229333615959137e-02
1.461714129526629213e-01
1.932979355427364154e-01
1.876049153152071491e-01
7.515632761575642695e-02
-3.991569819491848359e-02
-1.327898931160109985e-01
-1.600260921799337710e-01
-9.679698815258587496e-02
-2.775075298000914334e-02
-5.639397565892231845e-02
-2.998113337796275840e-02
-3.606710927942208267e-02
-8.018593206007100516e-02
-9.772784510511133005e-02
-1.245360754076236948e-01
-5.349346165582473389e-02
-2.999082049259236757e-02
-6.396180625512684625e-02
-4.757447122851492932e-02
-5.597927416841380795e-03
-2.221896665152631525e-02
-1.673154846895933551e-02
-2.548296778464382434e-02
-3.605180615214853557e-02
-1.036459981759450810e-02
-2.287643531997647639e-02
-3.165132812951155367e-02
-1.192860455083914708e-23
1.427145973754903596e-02
-1.192860455083914708e-23
3.982268222403165248e-02
-4.379335674002141250e-03
-1.192860455083914708e-23
-1.414606577254948552e-02
6.506939203592286558e-02
3.893407387827083760e-02
-1.192860455083914708e-23
4.877885647214456888e-02
8.618299967357748170e-02
1.154198785049141973e-01
1.569315912480084285e-01
2.034588537840461564e-01
1.922056854871030951e-01
5.941163231748054774e-02
-2.822794453310848231e-02
-1.004518393040595564e-01
-9.536789223081136579e-02
-6.365690557107801795e-02
-1.502132371230319001e-02
-2.067124358284605154e-02
-2.158484155276704786e-02
-4.691000674395302134e-02
-3.989971176659824759e-02
-6.227343185876939302e-02
-9.187333984854963165e-02
-6.580754231130955811e-02
-3.076126261764238617e-02
-7.558139195974863944e-02
-8.020191152122918554e-02
-4.226600095794535300e-02
-3.038478868238120301e-02
5.842519707615762871e-03
7.820000753686185205e-03
1.241393637586547805e-02
2.491910167750705646e-02
-1.753421483497566088e-02
-3.297558477143669453e-02
-1.192860455083914708e-23
1.762658115996291672e-02
-1.192860455083914708e-23
7.921770554445398127e-02
-2.556689627714418475e-02
-1.192860455083914708e-23
3.908386394311092610e-02
8.376276944713254013e-02
6.691127050488616945e-02
-1.192860455083914708e-23
8.195949433306350118e-02
6.302422054871510693e-02
7.403667382427159271e-02
1.348386223764988512e-01
1.597280004882718485e-01
1.473206459639178900e-01
6.160369429310243172e-02
-7.408930765294018117e-02
-1.148441222389934430e-01
-9.288882357300279335e-02
-5.181358006055218623e-02
-1.863780427193824363e-02
-3.199470209788783659e-02
-3.750734623409886920e-02
-6.175741069546449025e-02
-6.763436112741744166e-02
-8.946520054577761227e-02
-8.867785671291994465e-02
-4.931341409028265621e-02
-5.535982120451042425e-03
-3.534593444072615942e-02
-4.560538611017286859e-02
-2.557535791423313359e-02
-2.693773920611037057e-02
1.457176438910729886e-04
-3.380187744120255466e-02
-6.751109385843030719e-02
-4.939910602762221520e-02
-5.424871604180497853e-02
-5.200518932607865741e-02
-1.192860455083914708e-23
1.817265682623279630e-02
-1.192860455083914708e-23
2.671027179038921572e-03
9.202878900147749147e-03
-1.192860455083914708e-23
3.439523121180945719e-02
5.517864649308092118e-02
5.141822120429306170e-02
-1.192860455083914708e-23
3.878013080054454331e-02
1.083160514297210053e-01
1.241685202349968459e-01
1.244135632871021524e-01
1.470002477602331548e-01
1.166184277414450132e-01
8.986308212661893446e-02
-4.991993586190035526e-02
-1.039203990944644190e-01
-7.331555512814408315e-02
4.671657395200271012e-03
-1.414232846383883455e-02
-4.638109031888363980e-03
-4.076281818048198974e-02
-3.101795746697434339e-02
-2.528947603286917437e-02
-4.695814562076000565e-02
-7.772058893138536484e-02
-6.026527608281422727e-02
-9.228858163376835871e-03
-1.677333273991417004e-02
-3.562590082391018514e-02
2.597370795186365947e-02
-1.928615424272835241e-03
1.847233804829413739e-02
2.007329414902370157e-02
2.226764918398940231e-03
-2.461991253327904666e-02
-4.884775258746813092e-02
-1.417984315966426892e-02
