8.294965668753946135e-24
1.408651723714269416e-02
8.294965668753946135e-24
3.014245128881304012e-02
3.583587253903574438e-02
8.294965668753946135e-24
4.532932012178699649e-02
5.433688642309755790e-02
1.122012110009181635e-01
8.294965668753946135e-24
1.203487552391675763e-01
1.341817506457029241e-01
1.636637534746118172e-01
1.930332490574753757e-01
1.554749221809121340e-01
5.430052884107102601e-02
-1.390101987625049981e-02
-1.206362373636395563e-01
-1.407900954392869719e-01
-1.020605266326504584e-01
-6.153142667972477664e-02
-2.759156731956480604e-02
-4.952720862508028232e-02
-9.673158011041727011e-02
-8.218559087357819870e-02
-6.369189761102216074e-02
-4.965826260849639379e-02
-4.915808810624310021e-02
-6.121021394957264217e-02
-3.972563563137005566e-02
2.251516238737896920e-03
2.080986222419430390e-02
2.601075289927798004e-02
3.258081080944921076e-02
2.728475204998410952e-02
-2.931126126786379182e-02
-5.196976964082788975e-02
-4.712945816367333784e-02
-4.110533027089200570e-02
-4.666107631043943382e-02
8.294965668753946135e-24
-4.095090019725688112e-03
8.294965668753946135e-24
1.503732438896801093e-03
2.868742475847753728e-02
8.294965668753946135e-24
4.239800948015681747e-02
4.827337129881655725e-02
1.034856203268662983e-01
8.294965668753946135e-24
9.233948623847403059e-02
1.042016416937054935e-01
1.637506187091815613e-01
2.089189590458526702e-01
1.488938058201311476e-01
4.488076162848456813e-02
-2.049432299946788924e-02
-1.186009867255343464e-01
-1.368287162438430460e-01
-1.068999546281685087e-01
-5.869373353033135315e-02
-4.083266449885256805e-02
-5.252111351256083527e-02
-7.908365389401068868e-02
-7.231683063121231714e-02
-6.484395526617679761e-02
-5.965448274676610207e-02
-5.858295000225011845e-02
-6.662707759245123373e-02
-4.708070254599719395e-02
3.825425090040231700e-03
3.592822362844783762e-02
2.768754397523374641e-02
2.226603752989839494e-02
2.070795713092348032e-03
-2.253960069490577173e-02
-4.033369676952575783e-02
-4.131967173691462186e-02
-2.640424523634411422e-02
-2.448328243195090417e-02
8.294965668753946135e-24
-1.419422687922715885e-02
8.294965668753946135e-24
-7.113940067812630531e-03
2.438145290365641496e-02
8.294965668753946135e-24
4.451130470461358429e-02
4.890009263341261320e-02
7.319372489833782247e-02
8.294965668753946135e-24
9.617445962116764890e-02
1.180136118484841068e-01
1.424971969663899329e-01
1.816923304674896433e-01
1.478726492515053392e-01
3.728724828829167032e-02
-1.842295853671034600e-02
-1.234636673409241492e-01
-1.353362757355532631e-01
-1.006324100851819919e-01
-7.231829686814371383e-02
-4.227852963524784957e-02
-6.232464232517798131e-02
-9.363143061162627900e-02
-8.996418509070427949e-02
-6.469326792090064615e-02
-7.283501792907304262e-02
-6.848068907235296821e-02
-7.447011189561666966e-02
-5.799741880609834283e-02
-1.119882607015723792e-02
1.723179478482126520e-02
2.981166170004336040e-05
7.137700375705595401e-03
2.007234452116766696e-02
-9.718307798497473685e-03
-2.601051603222383560e-02
-3.085751840002032634e-02
-2.858706139628893958e-02
-1.907951446346110858e-02
8.294965668753946135e-24
3.021738937836638758e-02
8.294965668753946135e-24
-9.778195180667646150e-04
9.180620355314739883e-03
8.294965668753946135e-24
3.813998023168180262e-02
3.962968923836737017e-02
6.277873793279512005e-02
8.294965668753946135e-24
8.369251669863869703e-02
1.081503452738029752e-01
1.248532211499980699e-01
1.646859617831294975e-01
1.325179558251297074e-01
4.795419717552950462e-02
-9.518776972593616381e-03
-1.293720832080985927e-01
-1.427120848068424153e-01
-9.405654128827103944e-02
-6.844121475403339150e-02
-3.640236191913415187e-02
-5.329563860456706242e-02
-8.447874648292161281e-02
-7.646006678476983953e-02
-5.365158989873497486e-02
-4.976485742554519198e-02
-6.248358253954450214e-02
-7.061727954531384077e-02
-4.967703838427917074e-02
-4.152351139233122733e-03
2.203823495305645697e-02
2.029861752024136878e-02
2.964961237947016243e-02
3.949201868208207511e-02
-3.961678397539028333e-03
-3.334386565064606511e-02
-3.852706011553057308e-02
-3.037936118671590024e-02
-1.842810351160389590e-02
8.294965668753946135e-24
1.114373574425008007e-02
8.294965668753946135e-24
-8.745485194988758537e-03
4.208338938150192610e-02
8.294965668753946135e-24
3.087598651820243692e-02
4.820421296056636579e-02
4.693369809522545538e-02
8.294965668753946135e-24
8.222477357221329164e-02
7.902129023724875634e-02
1.120261499354081453e-01
1.484163725786182275e-01
1.220668777983263537e-01
5.721437239506091399e-02
-7.892886711811514244e-03
-1.121982117215962332e-01
-1.262256570815953327e-01
-8.509878558722537567e-02
-4.918323597200235930e-02
-4.057646662958868528e-02
-5.718745592971474778e-02
-8.637572503595143669e-02
-7.601751119220415132e-02
-6.076737054361767976e-02
-6.243208422829631121e-02
-6.546272794159689601e-02
-7.549583810068223599e-02
-4.662455920005233873e-02
-1.363588767499457864e-02
7.668142983710947089e-03
-3.919516834102355386e-03
9.195322528892728789e-03
1.516513996554923367e-02
-1.191921408355166474e-02
-2.809203045039596058e-02
-2.263022919641435177e-02
-2.614591071515748669e-02
-8.307240210874916944e-03
