3.649986062338601889e-24
8.074729109607964306e-02
3.649986062338601889e-24
5.054192211265821910e-02
9.314674836481150189e-02
3.649986062338601889e-24
7.899958849519143900e-02
5.025911729403251954e-02
5.266632530784350064e-02
3.649986062338601889e-24
5.757542342086490600e-02
9.222883223119092422e-02
7.333422505897978227e-02
1.252852579000862665e-01
1.474406881353292620e-01
1.597880821542305430e-01
1.379266399629267004e-01
9.873177945524860832e-02
5.223549677377195555e-02
-3.712197640914976365e-02
-7.557782281212976905e-02
-9.391229803169649781e-02
-7.168550102255574763e-02
-3.714770132971075001e-02
5.509731313919631959e-03
1.551828235885984765e-02
3.604943728575688705e-02
3.958650397270567500e-02
2.444375325414590086e-02
5.779281479581323960e-02
6.577693127954435670e-02
5.927677478420671775e-02
5.210605208169555996e-02
5.978909933792371512e-02
6.058824743182228412e-02
6.082827867106792991e-02
5.658369813963603362e-02
5.483765361411268441e-02
5.548352235375817593e-02
5.196400634699743087e-02
3.649986062338601889e-24
5.519543496169849323e-02
3.649986062338601889e-24
3.750781609950312040e-02
4.673427186357453911e-02
3.649986062338601889e-24
6.973101505421805402e-02
5.764441908477151155e-02
2.668579327162097503e-02
3.649986062338601889e-24
5.200955379789135025e-02
8.852451464034394313e-02
9.950606545995986651e-02
1.106686017471614214e-01
1.326308622460340425e-01
1.418789634758014506e-01
1.502200386822096778e-01
9.851386811305345992e-02
3.288038478882510801e-02
-5.427605176331768561e-02
-8.701564946380060950e-02
-8.566279793844554236e-02
-6.144612628508788754e-02
-3.689792842997102057e-02
-8.093893889832708827e-03
1.366560921690860436e-02
3.345379051167522710e-02
2.902488835805488651e-02
1.528930310880819571e-02
4.930716859266832258e-02
5.007078617053051239e-02
5.360819252109878807e-02
6.833805451213251225e-02
7.381822498362444751e-02
7.994240026697053969e-02
8.246690038333870376e-02
8.228376151512548087e-02
8.417496965911117068e-02
8.394532855577681307e-02
8.347062524436113518e-02
3.649986062338601889e-24
7.837799231034822678e-02
3.649986062338601889e-24
7.090024416975346244e-02
5.409267002705873267e-02
3.649986062338601889e-24
8.141558195570666734e-02
5.088113992660991958e-02
3.126045359984615246e-02
3.649986062338601889e-24
6.104885410101488358e-02
7.276306335819256177e-02
9.977065154690969995e-02
1.174363241244984063e-01
1.261715322169942866e-01
1.181063322415211447e-01
1.400334748205014634e-01
1.111715301282844709e-01
6.363227560573948838e-02
-3.930526221063622427e-02
-7.858103020871308464e-02
-7.847258105955122465e-02
-5.692850510905839850e-02
-3.185991167162048610e-02
-1.298639162337156434e-02
-4.761561752488858643e-03
6.531172474597815927e-03
3.283372076356968344e-02
1.904910954405099333e-02
6.020201264302365435e-02
9.009867444057749475e-02
8.947360367719109364e-02
8.479505107209903136e-02
8.282641794354736464e-02
8.151319852456173631e-02
8.381343802023542844e-02
7.898455149762560745e-02
8.126199720384059966e-02
8.226620847808444048e-02
8.385104871160965756e-02
3.649986062338601889e-24
5.463822018289787863e-02
3.649986062338601889e-24
3.810458660673340242e-02
4.137901395912308572e-02
3.649986062338601889e-24
4.865281545090124199e-02
5.431196410630874383e-02
4.746526339296397445e-02
3.649986062338601889e-24
7.747290763990795359e-02
7.150022186147554637e-02
8.208968447845427230e-02
1.050031266087305265e-01
1.347740194367750832e-01
1.222542488786901443e-01
1.381650358534744771e-01
1.126093545436299137e-01
6.051990717347034004e-02
-3.531577906501644909e-02
-7.663434016442306762e-02
-7.749200719354312761e-02
-5.478372464840115114e-02
-3.723178078051067597e-02
-2.789749407472269169e-02
-2.560268202847262951e-03
1.168439589133984588e-02
3.239366277097711910e-02
1.663026237178664990e-02
4.465692477189513176e-02
1.077107356712984770e-01
1.045342898650460789e-01
1.112388131056174789e-01
1.158514929717406605e-01
1.098242469937909110e-01
1.122835628647200629e-01
1.094098775876532342e-01
1.086698608158374324e-01
1.070601734073894779e-01
1.097137383992196624e-01
3.649986062338601889e-24
2.017453109847600415e-02
3.649986062338601889e-24
1.501848315821979751e-02
3.919846376176910896e-02
3.649986062338601889e-24
5.289930090312174732e-02
4.578044846629686360e-02
4.245528062669984282e-02
3.649986062338601889e-24
6.932018681076279609e-02
3.754849448238081061e-02
6.529238924238600639e-02
8.342196551050132247e-02
1.148566213320036666e-01
9.899068706256491934e-02
1.241918564881108883e-01
9.893345060013994385e-02
6.327392986602062286e-02
-1.383814431896961128e-02
-4.526155192532851923e-02
-5.482724285185046342e-02
-3.511727991721244613e-02
-1.749210913017722538e-02
-1.724185300315269828e-02
1.673081468695556545e-02
3.459747575663962849e-02
1.640741357482125226e-02
4.350955846376572227e-03
4.279933051295483487e-02
5.555637874396144454e-02
5.899995621696844939e-02
5.733230960264908832e-02
5.882046141431056946e-02
5.788932820174484684e-02
6.073319998551957727e-02
5.946880447355347432e-02
5.440978732843603644e-02
5.441440746090208530e-02
5.735268585807408448e-02
