-2.421737040417577313e-24
-7.183418157863239416e-03
-2.421737040417577313e-24
5.413700514004281261e-02
5.260872117867802789e-02
-2.421737040417577313e-24
1.326100669121871647e-02
8.165579948296218527e-02
1.098536334174323864e-01
-2.421737040417577313e-24
1.387695864940644841e-01
9.343454955057156619e-02
1.459926362263160027e-01
2.234775308902550717e-01
2.054229732484635362e-01
1.068498257226137005e-01
6.768084370717861176e-02
2.838801425278822746e-03
-7.290313899604861092e-02
-5.422626413784210897e-02
-7.968474444075408086e-03
-3.808570685813068152e-02
-5.356930416583705057e-02
-6.844890142006966605e-02
-8.622312986090190090e-02
-7.702618234703394184e-02
-7.767378275817281297e-02
-7.027530854029523377e-02
-4.598568086400306454e-02
-4.249896787767835742e-03
-1.502958292464848418e-02
-7.614134970130018165e-02
-9.438043251629790742e-02
-1.125634834745698337e-01
-7.938895000833809390e-02
-1.767777039180924714e-02
3.179646249654954904e-02
3.132257415497771008e-02
6.012613131351114693e-02
7.122665346468627645e-02
-2.421737040417577313e-24
-5.293355914281028946e-02
-2.421737040417577313e-24
6.495977094105907790e-02
4.729968673328391326e-02
-2.421737040417577313e-24
7.302383722316329109e-03
4.948968234371550756e-02
6.713850662907631939e-02
-2.421737040417577313e-24
8.407754518024647405e-02
9.461361714954867608e-02
1.343292630914873775e-01
1.793807263422871057e-01
1.774462196772839673e-01
8.451254948575492865e-02
4.768948813231412703e-02
-3.952851227420185395e-03
-4.091851723012972925e-02
-1.255743659796998597e-02
1.761688037251313982e-03
-1.851608533231754658e-02
-1.893294383379070384e-02
-1.923038084413706064e-02
-3.595694683403951458e-02
-5.417465436898811354e-02
-2.680848649798986405e-02
-3.733954220571602395e-02
-3.721829484063458177e-02
6.480073438770706656e-03
-1.750956393643011977e-02
-1.315640742739042010e-02
-5.898184393049796942e-02
-6.172286031192662087e-02
-6.994819907508319223e-02
-2.084578196264961006e-02
3.389822521110100878e-02
4.806517110287309574e-02
1.832701829666862417e-02
3.539412604952938551e-02
-2.421737040417577313e-24
-1.672395677031828301e-02
-2.421737040417577313e-24
-2.885227843062428132e-02
7.194967246056285792e-02
-2.421737040417577313e-24
7.455323675408934148e-02
8.634092323771641597e-02
5.840678814997680296e-02
-2.421737040417577313e-24
8.602918213844766571e-02
7.223110272084473649e-02
1.714263828412103396e-01
2.228770815874811517e-01
2.204123198288672481e-01
1.468014174762425073e-01
7.858544634160075093e-02
4.337122561802862764e-02
-6.485122959013249477e-02
-4.267219145515858958e-02
-1.903133883441635726e-02
1.645193749861857332e-02
2.132972169618777697e-02
-1.479865726230198894e-02
-6.612593737427541196e-02
-8.479405501076914264e-02
-7.307127884061376255e-02
-4.736158148887191499e-02
-6.641332843768191392e-03
-5.353733611400611492e-02
-2.187314991679139425e-02
-3.213185343947620731e-02
-7.421661785306477369e-03
-5.648012078809162145e-02
-5.737772091498366533e-02
6.361350032914161838e-03
-2.005086842985519258e-02
7.084874351334126408e-02
8.250132456567159378e-02
-8.120249956240060615e-03
-2.421737040417577313e-24
3.077253986560962544e-03
-2.421737040417577313e-24
-3.459405761245637739e-03
5.654068066900698464e-02
-2.421737040417577313e-24
2.854802933976522024e-03
2.467574149940736025e-02
2.763069991477580881e-02
-2.421737040417577313e-24
3.488675442672906774e-02
7.612578956506116379e-02
1.586657554072477549e-01
1.514018603360859916e-01
1.703989003309150652e-01
4.872041473612630930e-02
-3.021683705137161277e-04
-4.793810130100535638e-02
-7.339128002337365342e-02
-9.958715426037413609e-02
-8.438178648192312670e-02
-2.931026657101674579e-02
-2.637336708315386399e-02
-2.043608568127878305e-02
-7.080261431733930744e-02
-6.964521789222744008e-02
-6.496035308392603125e-02
-6.077606070580703068e-02
-5.139368092091329415e-02
-9.373761222969771711e-02
-1.142390133783170864e-01
-6.370799244160324504e-02
-7.291405702497721908e-02
-1.301185767996338172e-01
-6.476541203325084095e-02
-1.025426439436333270e-02
2.046725314219173530e-02
4.704272867116173623e-02
8.461647291123160393e-04
9.604800009376834521e-03
-2.421737040417577313e-24
-2.609217261455413009e-02
-2.421737040417577313e-24
6.362318816990365777e-02
6.089561153230594465e-02
-2.421737040417577313e-24
2.709345818354726848e-02
3.686531904045965008e-02
9.687377996584436990e-03
-2.421737040417577313e-24
-6.036846318580097424e-03
6.228022579077903409e-02
3.642195375264234425e-02
1.089957606590408329e-01
1.351845136642419731e-01
3.753619426270735082e-02
1.292563667645552951e-02
1.235395337355239993e-02
-3.343456047250257385e-02
-7.304468052952255153e-02
-6.575117959544812818e-02
-4.927197137510890175e-03
-2.242274281451586346e-02
-5.510514992469419532e-02
-7.925533818548580189e-02
-9.823857179919240346e-02
-6.082597852999464816e-02
-6.347116188354821886e-02
-5.977823045305449140e-02
-7.008509838928241031e-02
-8.722761430022096807e-02
-7.223328581547067140e-02
-6.508532473725592293e-02
-1.057867666323632772e-01
-9.330467061079515678e-02
-4.841250106989457985e-02
-1.058193800150906624e-02
3.866075586982764545e-02
6.090828864733681403e-02
4.839517377103801088e-02
