1.547978930077351004e-23
-8.891631064079277141e-03
1.547978930077351004e-23
7.189120990842417028e-03
5.786927191741098042e-02
1.547978930077351004e-23
5.249787890125176548e-02
5.129683112499146269e-02
2.806177104072965847e-02
1.547978930077351004e-23
1.096208989235161052e-02
9.551117222520756622e-04
5.727841657874777753e-02
1.252288482334898700e-01
1.490874536042751108e-01
1.431597980241404722e-01
1.229566260748224393e-01
6.641854807096235491e-02
-2.045184427788916681e-02
-1.123409908442634803e-01
-1.424878441520764927e-01
-1.303407024140941228e-01
-1.002995090739192130e-01
-7.892500178066939875e-02
-6.061925490224152890e-02
-8.503361983475846153e-02
-1.057870251896930597e-01
-6.804150368422171025e-02
-4.425276623475327825e-02
-1.125879311306951513e-02
1.387883539790798863e-02
-4.777306651423892520e-02
-9.036735373698655260e-02
-6.369277606226754485e-02
-3.651232939281656275e-03
4.221756573029520482e-02
-3.193097955269086265e-03
-2.548242893605058221e-02
-4.031062077021103918e-02
-6.835551758236657616e-02
1.547978930077351004e-23
-1.041122619538810759e-02
1.547978930077351004e-23
-2.251857526066661230e-02
4.788546096474906311e-02
1.547978930077351004e-23
1.405770120648227976e-02
1.150640963969322764e-02
1.629204181651253483e-02
1.547978930077351004e-23
1.373619874997562872e-03
2.988076557578970074e-03
6.113935002704664473e-02
9.793990706806085522e-02
1.459800635277569425e-01
1.530432912409695201e-01
1.209158240194714434e-01
5.157917876328537571e-02
-4.201673761146739600e-02
-1.084497729067335908e-01
-1.523323637001228192e-01
-1.665276772272157590e-01
-1.201774357864026782e-01
-6.571078070018905593e-02
-5.738533754532978287e-02
-9.941732228743598021e-02
-9.168369181737213991e-02
-6.253840162358564880e-02
-4.977541704962549357e-02
-2.704635185707746428e-02
1.069124515375471235e-02
-2.521440169069300366e-02
-8.689162400148987830e-02
-5.254419954981316698e-02
-1.687988620953225979e-02
5.619095700939848864e-02
1.008409014039042886e-02
-5.260171062846456108e-02
-5.509609142526836895e-02
-6.450978144054325680e-02
1.547978930077351004e-23
6.183381450307228085e-03
1.547978930077351004e-23
-1.708074749973239118e-02
1.367903950726997650e-02
1.547978930077351004e-23
1.905032715844609884e-02
1.961152416236970966e-02
4.773608384782011826e-02
1.547978930077351004e-23
3.979414952060664895e-02
5.551363779551015017e-03
6.012870490292684944e-02
5.721056242552653714e-02
1.293871438604280166e-01
1.222635831697974490e-01
1.085938497588597867e-01
3.067768085852498952e-02
-5.449844461769329240e-02
-1.334425912966581695e-01
-1.620086663519428316e-01
-1.589805905227393845e-01
-1.281179655933362416e-01
-7.632103906624701506e-02
-5.136206413167063167e-02
-7.882855058145091243e-02
-9.917010124134978399e-02
-9.076028857597309707e-02
-6.193567915007309327e-02
-4.706592940100464556e-02
-3.907809255982075403e-02
-5.430194041204341321e-02
-8.768133272974205916e-02
-6.128338329694464626e-02
-3.807049078597757248e-05
5.186751192169097857e-02
1.604684709306480840e-03
-4.488169084298744560e-02
-5.619288050440510163e-02
-6.363512656528270972e-02
1.547978930077351004e-23
-5.444258040254250884e-03
1.547978930077351004e-23
-2.750876993607372784e-02
7.849664668220863312e-03
1.547978930077351004e-23
-1.503653712113269848e-02
3.439036839211475488e-02
2.097676841939717304e-02
1.547978930077351004e-23
1.814208420292637639e-02
-5.525278811558217117e-03
4.462844910705833501e-02
8.834244301941059085e-02
1.310609802406381696e-01
1.344312620387305979e-01
1.081737629174528842e-01
5.255466335834092784e-02
-2.512444035007133439e-02
-1.063828535864367320e-01
-1.373513328429439018e-01
-1.551827749518961963e-01
-1.187242694877824051e-01
-6.323685521974387047e-02
-5.677101771977423328e-02
-9.220341463475681398e-02
-1.126310889028804274e-01
-8.976256661666587311e-02
-6.741744949279918075e-02
-5.749383040276922346e-02
-5.138952097931734353e-02
-6.941556844528701253e-02
-9.247844700963211984e-02
-6.155967742382903451e-02
-1.437737215319727542e-02
1.958684313111501429e-02
6.289748307767654631e-03
-3.089144397750354099e-02
-3.460702618447594747e-02
-4.003668959179729203e-02
1.547978930077351004e-23
4.211440025477664571e-03
1.547978930077351004e-23
-2.316721116645825349e-02
3.993441740693105292e-03
1.547978930077351004e-23
2.157526906002834796e-02
2.680051101410850511e-02
4.745684620543796223e-02
1.547978930077351004e-23
5.407243149573334740e-02
1.114347636206420959e-02
7.760985252600276219e-02
9.765412098107738303e-02
1.419610180909429697e-01
1.241268480711995303e-01
1.157381839763633458e-01
8.087819257619184576e-02
-2.450872591166992909e-02
-8.971219504965460834e-02
-1.166477317650974899e-01
-1.284928960215492022e-01
-7.784544079925694027e-02
-9.343704212229018632e-03
-9.752583738301090835e-03
-6.713366937027140380e-02
-9.412442363018408420e-02
-8.020783953283565360e-02
-7.381956523388881475e-02
-6.816734643102914659e-02
-2.544114340813631581e-02
-3.078032200353322465e-02
-4.835237644813987490e-02
-3.968944746342031871e-02
-2.451076945130550161e-02
2.663424885553010435e-02
9.351019030702986939e-04
-3.726505196324098740e-02
-4.082774276029282889e-02
-3.073655800356143129e-03
