-3.874813455767263149e-23
9.494667028302348349e-03
-3.874813455767263149e-23
2.533212976936717251e-02
5.829454361233689375e-02
-3.874813455767263149e-23
6.468623984614708944e-02
4.721974527133889626e-02
5.826425954871377461e-02
-3.874813455767263149e-23
4.601471116700802527e-02
6.687901418056889369e-02
1.055790388615780312e-01
1.478901229048671384e-01
1.124081992287516291e-01
2.611115057971665626e-02
-7.931748950651995242e-03
-1.115290392431981525e-01
-1.592662529960369999e-01
-1.161874269822499861e-01
-8.252304495785210692e-02
-5.706715024565214844e-02
-6.901169474059679065e-02
-1.254574789579726568e-01
-1.432639091137375142e-01
-7.773676408997681753e-02
-1.603618233926054279e-02
-1.147738794384863155e-02
-3.841830175488532284e-02
-4.458527758612573083e-02
-4.920188233675416162e-02
-4.815664092284737546e-02
-4.147714981374872600e-02
-3.656602646242293475e-02
-3.053604378526638546e-02
-2.526402990312749328e-02
-2.091066889204214185e-02
-1.633225290975348978e-02
-1.383949395372717148e-02
-9.816504275236502194e-03
-3.874813455767263149e-23
-1.874871616217282022e-03
-3.874813455767263149e-23
5.877955351273981069e-03
5.103202313008450147e-02
-3.874813455767263149e-23
4.800795805889729317e-02
4.457849633259447497e-02
5.040065558345554336e-02
-3.874813455767263149e-23
2.465998003992042956e-02
5.828034948236641283e-02
1.052785949882503180e-01
1.348770430373316676e-01
9.698989898038465340e-02
-9.773064623664396745e-04
-3.772525891008956384e-02
-1.398623700943036341e-01
-1.872910645034438215e-01
-1.562623357104960531e-01
-1.284817679074193031e-01
-8.838692271928773325e-02
-7.794837059088390030e-02
-1.259391449906040183e-01
-1.589855286513392474e-01
-8.180942606681761153e-02
-4.178966768921544422e-02
-2.506432396439675636e-02
-3.880348175118614185e-02
-5.120832918421930335e-02
-5.207064697560089689e-02
-4.955114564731775972e-02
-4.243622883002090562e-02
-4.283577312066064874e-02
-4.151698679182254381e-02
-3.900548504900296087e-02
-3.647254210907013156e-02
-3.395848711900520400e-02
-2.805451827753398589e-02
-2.768977723433170210e-02
-3.874813455767263149e-23
-2.438006105892262868e-02
-3.874813455767263149e-23
-2.887061639721445055e-02
2.363030104872638343e-02
-3.874813455767263149e-23
3.586466361696244443e-02
3.357729325661596570e-02
2.204564005220661579e-02
-3.874813455767263149e-23
2.767165060723808870e-02
5.282206920649391152e-02
8.244705774284946664e-02
1.358544094745625375e-01
9.685955218868402827e-02
2.034908521068508336e-02
-9.630779042300608231e-03
-9.443118747926200485e-02
-1.635160570088235454e-01
-1.402989579318457691e-01
-1.269557327815377668e-01
-1.043620371116710105e-01
-1.100642106579764329e-01
-1.444557350711846433e-01
-1.336787554897082009e-01
-8.667643312895612073e-02
-4.285272223999852387e-02
-8.029116041061424430e-03
-3.423239397212218121e-02
-2.981564903728983751e-02
-1.619239325835677978e-02
-2.982758912778007629e-02
-3.884660712417990075e-02
-3.370297894548630185e-02
-3.601623930210716418e-02
-3.271715706388215322e-02
-3.158758691212905367e-02
-3.152199913573379420e-02
-2.752569721918312479e-02
-2.681362472993297982e-02
-3.874813455767263149e-23
-2.356376135678543357e-02
-3.874813455767263149e-23
-4.440395939752617149e-02
5.677082876900032583e-03
-3.874813455767263149e-23
-8.485925449946168930e-03
1.401697531517432337e-02
3.487380268261923433e-02
-3.874813455767263149e-23
3.275940038664600790e-02
4.063757120164516318e-02
9.896010802102112036e-02
1.244638156506585602e-01
1.036140956449177891e-01
3.157867957607501941e-02
7.174150579573873067e-03
-1.097476709495001784e-01
-1.721202855792394182e-01
-1.608243771666115485e-01
-1.339827881880853444e-01
-9.205864535798140291e-02
-8.805880871245956587e-02
-1.195513747064953919e-01
-1.234735710293155958e-01
-6.707406269581114855e-02
-2.817247964243340883e-02
-3.669922909597811422e-02
-4.918493664997546089e-02
-4.210807725104029342e-02
-5.173989830739218060e-02
-5.403613070107890493e-02
-5.534153743272063330e-02
-4.966181016235016177e-02
-4.460889607992121059e-02
-4.262146537972656690e-02
-3.922800839104497589e-02
-3.491889676299473472e-02
-3.583892066259209558e-02
-3.251539786457133263e-02
-3.874813455767263149e-23
-4.869237230460680271e-02
-3.874813455767263149e-23
-4.547394525161319034e-02
-2.860058783093650733e-02
-3.874813455767263149e-23
2.320338831244478026e-02
2.443166448875400479e-02
3.172225074956848412e-02
-3.874813455767263149e-23
2.824671499067331337e-02
4.745516864822678371e-02
9.234278931963758874e-02
1.180729165500281896e-01
9.718217385094361782e-02
3.580364380437330019e-02
1.862761989956784837e-03
-8.009465944825260031e-02
-1.570279519266379042e-01
-1.466146941250635882e-01
-1.115270382565425600e-01
-7.367360166753206263e-02
-1.005205745346946372e-01
-1.186882253827824113e-01
-1.108570123486333353e-01
-7.358472681458284870e-02
-4.751600523461996239e-02
-4.311292898397112161e-02
-5.336042761320359401e-02
-3.984412797083290714e-02
-5.089056457865032829e-02
-3.669552233514261630e-02
-3.342658887820732644e-02
-3.276825854071385019e-02
-2.724947294839133796e-02
-2.401719176723732252e-02
-2.071435562996118418e-02
-1.851591704164476729e-02
-1.504438214853667105e-02
-1.202888754402104028e-02
