-6.880871543249108400e-23
3.214728088531706302e-02
-6.880871543249108400e-23
2.857234163946741068e-02
2.761348037509561010e-02
-6.880871543249108400e-23
5.773964135882963394e-02
6.278092633582169069e-02
7.281632435388273039e-02
-6.880871543249108400e-23
5.367380425653835857e-02
8.501400809769353584e-02
1.195107630537047133e-01
1.502881503304233923e-01
1.648209911077872236e-01
7.652239089810244921e-02
-2.648098706620306830e-02
-1.349312807520276492e-01
-1.827418110558534370e-01
-1.309487369269793089e-01
-1.118222019764067987e-01
-5.098988205352904951e-02
-3.106648732065435056e-02
-6.048230244113042553e-02
-9.896559806704738338e-02
-8.384566878468663331e-02
-2.506463243694791176e-02
2.833920038864902111e-02
1.790909004039704586e-02
-1.869185933480242701e-02
-3.063161742833696646e-02
-3.035353508647940356e-03
8.868848942960336906e-03
1.797715136570781497e-02
2.362668818488808040e-02
2.916091099625614871e-02
2.983206729660891135e-02
3.287615328958496536e-02
3.466766934848914544e-02
3.608246333748377915e-02
-6.880871543249108400e-23
2.542115793094854720e-02
-6.880871543249108400e-23
4.454856216377883066e-02
4.056037260001806727e-02
-6.880871543249108400e-23
2.976924048884233009e-02
6.446951676393897213e-02
7.190744751318414729e-02
-6.880871543249108400e-23
7.030845947146381614e-02
8.516448841234179612e-02
1.092360557064039894e-01
1.916639865939326337e-01
1.856449557521920035e-01
7.093252412276485064e-02
-1.381261498445175880e-02
-1.352608778219029084e-01
-1.676747547359375423e-01
-1.277520738099925390e-01
-1.030637671406802597e-01
-6.450701743159234502e-02
-2.627999063077516781e-02
-6.029761777745362011e-02
-1.191787260680546995e-01
-9.449329040738867203e-02
-1.468314896096631871e-02
3.093395388411554481e-02
2.123973249439374197e-02
-2.166555417425583552e-02
-5.396666028128390552e-02
-2.934978905810597255e-02
-2.559139197812253588e-02
-1.552114436445712481e-02
-8.665525494337654455e-03
-3.703298099897935677e-03
1.389240312465838496e-03
5.275057826914009151e-03
6.030377796268288244e-03
7.494239004822943889e-03
-6.880871543249108400e-23
3.463037254447213359e-02
-6.880871543249108400e-23
2.905063321216709224e-02
9.997813723682302811e-03
-6.880871543249108400e-23
1.898883356896752597e-02
4.991998441648758805e-02
6.279682325696393785e-02
-6.880871543249108400e-23
6.678775913709543433e-02
9.818739682436379568e-02
9.005656003537408638e-02
1.775060139763495748e-01
1.809077128981718408e-01
6.642622826041820472e-02
-5.680988748872337069e-02
-1.616306519512372419e-01
-1.993482254973199808e-01
-1.408697839734964208e-01
-9.054031144637116058e-02
-5.809909811441115596e-02
-3.285514648665126963e-02
-7.674144962246741419e-02
-1.192103174800903387e-01
-8.076662354631033991e-02
-2.286647835057302458e-02
2.061905310035183972e-02
2.520945536226160393e-03
-4.059214774754902472e-02
-4.079428151340463299e-02
-1.032382930643821646e-02
-7.469164435301368227e-03
-1.167022397384549423e-02
-1.093769390791010307e-02
-7.688333244270437530e-03
-3.899377290678077840e-03
-3.152465093746878444e-03
5.358849675591678035e-04
2.412496993433597622e-03
-6.880871543249108400e-23
3.251610965037093209e-02
-6.880871543249108400e-23
8.803509169196694142e-03
1.046926428178830346e-02
-6.880871543249108400e-23
4.317441925448331497e-02
4.641461787992486737e-02
5.620304923734132513e-02
-6.880871543249108400e-23
5.178476391018357189e-02
5.845492099771881778e-02
8.949520239530467380e-02
1.476274696013924470e-01
1.482489060961096616e-01
4.546826587999638208e-02
-4.254978927616787088e-02
-1.523787687257418810e-01
-1.569779206887296219e-01
-1.125022499697915929e-01
-7.157677386445071566e-02
-2.286888129631427929e-02
-3.731144325406894613e-02
-7.700109474691121947e-02
-1.179275608060235125e-01
-1.205799269946756930e-01
-4.130008105364047638e-02
-3.522507719041539551e-04
-2.178431119173709213e-02
-5.048311032033479112e-02
-4.297729454153375456e-02
-6.686762194962533705e-03
1.136147557334500928e-03
6.047609546934655349e-03
1.162678053109705324e-02
1.509329288319166164e-02
2.046102083015988518e-02
2.555175951326697434e-02
2.704628354239931032e-02
2.812442931851606015e-02
-6.880871543249108400e-23
-1.926303160564566200e-02
-6.880871543249108400e-23
1.792823361491622733e-02
-1.734511835711574634e-02
-6.880871543249108400e-23
2.264312286922574510e-02
3.213072849892127658e-02
5.283711784432661152e-02
-6.880871543249108400e-23
3.575278513789552359e-02
7.059603838847658408e-02
8.264275755071680274e-02
1.260352821733490836e-01
1.325954011528052423e-01
2.091938738874792383e-02
-5.386820837419266372e-02
-1.326674815605025370e-01
-1.364325507751262267e-01
-9.900334668950200312e-02
-6.281800087914331254e-02
-5.488439450400182940e-02
-4.364625740295518391e-02
-7.618885104127556818e-02
-1.067066790431135670e-01
-9.756507876946880764e-02
-3.971220498732624254e-02
-4.360371685051649127e-03
-1.726144611360985390e-02
-5.333012982155353743e-02
-4.886053409586702673e-02
-2.795416769545761362e-02
-2.431246920845220663e-02
-2.349474252129978361e-02
-2.270326148544967240e-02
-2.414430878539980049e-02
-1.883526960176743967e-02
-1.870747788995755223e-02
-1.385091676213053534e-02
-1.068006069122383155e-02
