-4.126621159512473477e-26
8.401904695805970102e-02
-4.126621159512473477e-26
2.449827376395422376e-02
-3.493983009846087645e-02
-4.126621159512473477e-26
9.738631607175408239e-03
3.179731208048659080e-02
6.839152618818696017e-02
-4.126621159512473477e-26
9.262996160266895318e-02
7.732130081110466513e-02
9.412186608092858175e-02
9.535139943813698837e-02
1.283514272103290499e-01
1.389859238195516045e-01
1.405793650437106579e-01
1.126723181337430102e-01
7.439776952816792854e-02
-2.295550744827912215e-02
-2.398061524051843876e-02
-9.835452309423396364e-03
-4.667239861585287600e-03
-1.221070946225598017e-02
-1.967942216433779621e-03
4.149600906054010108e-02
3.911334929380348713e-02
3.313352718105380679e-02
8.214549663293576123e-03
-3.531800146470317342e-02
2.102553423079445497e-02
3.021088853370199057e-02
2.389219986247846650e-02
3.101472537475306879e-02
2.262063344811195836e-02
1.900414348580950138e-02
2.787539043420522375e-02
2.046770423630010077e-02
2.983271781023372551e-02
5.944124801250433993e-02
-4.126621159512473477e-26
1.837980764017258656e-02
-4.126621159512473477e-26
8.377865481098725753e-02
-4.591369542366315060e-02
-4.126621159512473477e-26
-2.123539951831196135e-02
3.276876946031278409e-02
6.523511525522725230e-02
-4.126621159512473477e-26
1.068708763331445571e-01
1.406996407784325831e-01
1.409011990663043001e-01
1.089369881032565268e-01
1.202330464459294562e-01
1.263301268287563839e-01
1.565016283065470137e-01
1.222500962447448658e-01
6.205838926686440410e-02
-2.834534470786102475e-02
-3.071731777766094351e-02
6.639685909209025981e-03
2.764705407051082364e-02
4.047890355508088067e-02
3.391980161488210993e-02
5.965492755069749797e-02
7.052950516817525772e-02
2.411792007633692739e-02
2.312468349692216665e-02
-1.027337986983153234e-02
1.282886431425900309e-02
3.202250854440927968e-02
5.110805270445707010e-02
7.515155437507266278e-02
8.371907184599632068e-02
5.711198255709439009e-02
2.683149354129511777e-02
5.744501799717664434e-03
4.178655596040339176e-02
6.481505511927232455e-02
-4.126621159512473477e-26
-8.750598440223598951e-03
-4.126621159512473477e-26
9.240696679863204255e-02
-3.695307805723242051e-02
-4.126621159512473477e-26
-5.990242733406740509e-03
9.612304141048839609e-03
1.587916797053055828e-02
-4.126621159512473477e-26
1.088910075919209824e-01
1.354501407037530802e-01
1.133124543640803839e-01
1.434418294457942833e-01
1.120984689520168470e-01
1.174124951678098133e-01
1.210817598012213503e-01
8.088067123074711706e-02
4.444855053661529373e-03
-7.350675084810832927e-02
-4.831539524188604995e-02
9.889105994292103977e-03
-6.133520418233870440e-04
-2.093303707224167948e-02
-2.355187852441233479e-02
5.516573089062332472e-03
-6.164964112890314492e-03
7.037908972392582091e-03
-8.810550091324450064e-03
-2.684049852442968107e-02
-1.289400028295305993e-03
1.888290751141144226e-03
5.328831142843506313e-02
5.140823260836550890e-02
7.481829385834143364e-02
6.202751263859144354e-02
3.998434345040795951e-02
7.136895682743542996e-03
3.489887116148528839e-02
5.178159558903389775e-02
-4.126621159512473477e-26
1.388369083911316325e-02
-4.126621159512473477e-26
1.020568968944892962e-01
7.098123972181073771e-02
-4.126621159512473477e-26
3.174251750968756086e-02
2.331655014639392315e-03
4.266073726029945279e-02
-4.126621159512473477e-26
1.022657884731502931e-01
1.346797253741087996e-01
1.400637504725285032e-01
1.457326382068069581e-01
1.462856173939527937e-01
1.661204112731402838e-01
1.791257128565375556e-01
1.449375924620356082e-01
4.907368069578175312e-02
-3.780377898360933603e-02
-2.532038732701259037e-02
2.134318640190442998e-02
1.887360894899223207e-02
-7.901746605551759201e-03
-1.191044149057247752e-02
-3.504863412777241196e-03
-6.860952244211323929e-03
5.152176052301966208e-02
2.499757543178298541e-02
1.789652561580341514e-02
5.321497501976820560e-02
9.199419710326990629e-02
1.050632034934866621e-01
1.083073073990678814e-01
1.045874701074133856e-01
8.431201596696273615e-02
4.308387128120346604e-02
1.785447768926355996e-02
6.621989843500165895e-02
8.911655374181699785e-02
-4.126621159512473477e-26
4.771073179987420781e-02
-4.126621159512473477e-26
6.963815210652481158e-02
3.481789225240428803e-02
-4.126621159512473477e-26
6.123522911534610980e-02
6.103589439663655025e-02
9.691712555513738725e-02
-4.126621159512473477e-26
1.205072231266770544e-01
1.360961847300755367e-01
1.307032899044704155e-01
1.370821263028786929e-01
1.376980774908275473e-01
1.145462907616493081e-01
1.659637226350764161e-01
1.072403401083035224e-01
7.830927616184597817e-02
8.641312370505870727e-03
1.184417742106533278e-02
4.368652216758008022e-02
4.861269286197292955e-02
3.569102957702385837e-02
3.489044703837407280e-02
3.447503701241481228e-02
3.420642816193393554e-02
5.779881234385535194e-02
3.048654324807690760e-02
-3.448254954789833123e-03
2.090171410359887780e-02
6.332145821041830491e-02
1.158693028139878428e-01
1.030978338952587697e-01
1.105947176304278717e-01
9.930707893541033948e-02
8.094042789122124493e-02
4.120283634423691638e-02
6.424517775151226961e-02
6.063483550266612898e-02
