-5.925709614179710661e-24
2.643319510141141707e-02
-5.925709614179710661e-24
2.798589928118869891e-02
1.380583067043289654e-02
-5.925709614179710661e-24
3.600696676106041744e-02
2.740083188059827188e-02
2.281982405011127868e-02
-5.925709614179710661e-24
1.446358401300345577e-02
8.192363088423217088e-02
8.004334935537368856e-02
1.009877782413372838e-01
1.209401366316468773e-01
6.135221577357573980e-02
2.059436773581121635e-02
-6.035210196495659207e-02
-1.136195805851325930e-01
-1.324092043074053260e-01
-8.565179596349767333e-02
-6.049643966252735150e-02
-4.031412293394420060e-02
-5.385694103574819452e-02
-8.329622324183380555e-02
-8.486620244531606350e-02
-8.120255528806079315e-02
-8.187955494669442447e-02
-7.150912944397802562e-02
-4.976825708389634451e-02
-2.536546683341718220e-02
-3.344203556945508915e-02
-5.907151380584754752e-02
-6.301154150897818329e-02
-6.837327716641705688e-02
-5.252450327522517615e-02
-5.095164452169814728e-02
-7.396548227621718707e-02
-8.419891857935035695e-02
-6.212021129123462132e-02
-5.925709614179710661e-24
4.024475127772755498e-03
-5.925709614179710661e-24
-6.127925734107297732e-03
2.518653680710025711e-02
-5.925709614179710661e-24
3.414295590458903129e-02
9.112278479432793510e-03
2.281057158307636321e-02
-5.925709614179710661e-24
4.084708922859068420e-02
5.101683964439659991e-02
1.023557155643443906e-01
1.269348495711060953e-01
1.575930385128574973e-01
1.058428313659696279e-01
2.948118409601816967e-02
-7.038052366296421170e-02
-1.193120402863413615e-01
-1.205127613249522833e-01
-8.853431573109842023e-02
-5.856046808137162218e-02
-3.892574175212414750e-02
-4.564973209200494375e-02
-8.005722410852822435e-02
-9.974001564767068229e-02
-8.472678715991530107e-02
-5.833177340498391789e-02
-3.743889026453944141e-02
-4.311080505869513413e-02
-3.222900824280679200e-02
-3.313635197963463175e-02
-6.845858881627536752e-02
-4.917862304253668021e-02
-5.624880116139070046e-02
-8.110938166493529555e-02
-7.783523593180907696e-02
-9.940314276538869676e-02
-9.698395762988105961e-02
-8.211746667431721325e-02
-5.925709614179710661e-24
1.368031048774964904e-02
-5.925709614179710661e-24
8.825946676267180588e-03
4.567218486159168450e-02
-5.925709614179710661e-24
2.518742364223510583e-02
3.256668457581214648e-02
5.138421222314674269e-02
-5.925709614179710661e-24
3.184597724144194036e-02
6.660428298865235519e-02
5.726651353725441956e-02
9.943939978590017603e-02
1.300116511531694552e-01
6.836496963686128359e-02
1.495905127023476784e-02
-7.949904630354673318e-02
-1.307706413367795695e-01
-1.379681253001574237e-01
-1.008450747562754657e-01
-5.628052413370031315e-02
-4.757780204662667711e-02
-5.112314625072397756e-02
-8.396762562600834645e-02
-1.201756987589147618e-01
-1.014919909017838184e-01
-9.062187438854832355e-02
-7.868505385112307959e-02
-6.176247747726212184e-02
-4.202438326167293875e-02
-2.160250186079943832e-02
-4.949100706714606307e-02
-6.938609331484550669e-02
-7.264286207567205444e-02
-9.880386482129321912e-02
-8.836047856005173340e-02
-9.898875279951861728e-02
-1.101311962234529929e-01
-1.018183320757424376e-01
-5.925709614179710661e-24
3.935144280154821012e-02
-5.925709614179710661e-24
8.368092411949613896e-03
5.759434658589631523e-02
-5.925709614179710661e-24
2.757390937527423591e-02
3.511183616853765649e-02
3.290476495073776236e-02
-5.925709614179710661e-24
2.454744236875690960e-02
5.373336051137297259e-02
6.577451213893341364e-02
1.053736934041041989e-01
1.242472116919905584e-01
9.685278567894030355e-02
6.162725341889157583e-03
-9.916911435201027081e-02
-1.339628686314586481e-01
-1.196701603749809883e-01
-7.434325627534436876e-02
-1.293564855695314084e-02
-2.689685172787089837e-02
-5.282445044877800977e-02
-8.456274278806827360e-02
-1.129103869142258076e-01
-1.142079571126060900e-01
-9.653951974431292105e-02
-9.162280837269520806e-02
-8.777164869379394663e-02
-5.806820129005212799e-02
-3.456926326692770501e-02
-4.201596641207901162e-02
-5.296402194660704277e-02
-5.143133634829966799e-02
-7.799124652080653697e-02
-6.275963948814210214e-02
-8.171888962175645477e-02
-1.031489973644140190e-01
-9.070142928584917774e-02
-5.925709614179710661e-24
3.226826558592368194e-02
-5.925709614179710661e-24
3.598890490314034935e-02
2.766817361037200024e-02
-5.925709614179710661e-24
5.590675907865553379e-02
6.089816175236918358e-03
1.667286089157061710e-02
-5.925709614179710661e-24
-1.756853070629132594e-03
5.522314216430639772e-02
7.939092892027538317e-02
9.098790277322903186e-02
1.094826172652076379e-01
6.465220738773277964e-02
1.699144035969069044e-02
-8.923556442539209987e-02
-1.431574506416295189e-01
-1.062268086823887625e-01
-6.374328181698846185e-02
-2.178903039447965817e-02
-2.441376192974581763e-02
-3.270868560692662130e-02
-8.166922889753104597e-02
-1.178806726929440135e-01
-1.099366108016441440e-01
-9.732202059402339511e-02
-9.577022667054632676e-02
-8.758403975870565628e-02
-6.312690652336717945e-02
-3.097209291588555111e-02
-5.341227632846192591e-02
-4.530344941954507487e-02
-5.860146938149355528e-02
-7.229176155260770564e-02
-8.357132455919609459e-02
-1.052673161350624192e-01
-1.023520571736900170e-01
-9.597414583539362609e-02
