0.000000000000000000e+00
4.775379466249324995e-02
0.000000000000000000e+00
1.499693254598812864e-01
1.226906934793465243e-01
0.000000000000000000e+00
1.298336547414766506e-01
7.663855983555960261e-02
8.469627595368670048e-02
0.000000000000000000e+00
1.261118674655460348e-01
6.616760507152338877e-02
4.962685916602287139e-02
-3.436237388021955858e-02
-5.280715160247211049e-02
-4.392982869905047438e-02
-1.551431368131265531e-01
-8.441152635973590834e-02
-4.617097641583261386e-02
1.538564215681535426e-03
-5.353678597561292718e-03
8.502800230377496188e-03
1.431133610605595484e-02
-3.816581821820702516e-03
4.143259499866824153e-02
3.453985695022415009e-02
2.667817196429973087e-02
3.493340037026104045e-02
-3.273338555711326550e-03
3.168257295154271180e-02
8.874225603362556614e-02
7.679652772229311752e-02
5.316938969803538390e-02
3.388852367849341102e-02
3.957485626271981666e-02
4.072688536567332929e-02
3.590839526955225732e-03
-1.636503738292905416e-03
2.409752676813058450e-02
5.310624715094960924e-02
0.000000000000000000e+00
4.174219634771114684e-02
0.000000000000000000e+00
6.009544903963201512e-02
1.166923820290694247e-01
0.000000000000000000e+00
6.623571325542106092e-02
5.847549494870247361e-02
7.037917314816867498e-02
0.000000000000000000e+00
7.712284021009277457e-02
2.724839798620970824e-02
9.780455765893250261e-03
-1.061175882043069313e-01
-1.185799375800287159e-01
-3.894693439509243349e-02
-9.297540639922935446e-02
-1.164270970768689212e-01
-1.167787880145745860e-01
-1.173283548516479008e-01
-1.344051028848981255e-01
-1.401236212690864513e-01
-1.267877481128977801e-01
-9.130915613289575239e-02
-9.287759260435794750e-02
-9.262147727509947859e-02
-5.253423112446835991e-02
-3.173475210266448604e-02
-4.663122461578503297e-02
-5.550871755077040060e-02
-1.015170235408239668e-01
-1.148281035285099311e-01
-5.586698039987687825e-02
-6.348801449586051471e-02
-7.727226858641589313e-02
-3.335202191631814195e-02
-5.049046225849048580e-02
-5.043673764719903280e-02
-3.470056447249314502e-02
-4.725253212556448923e-02
0.000000000000000000e+00
7.457824868445435407e-02
0.000000000000000000e+00
9.712993748386271331e-02
1.021106512269549099e-01
0.000000000000000000e+00
8.168948579407437488e-03
2.432032255829903386e-02
8.847386931136412558e-02
0.000000000000000000e+00
5.793627931747648285e-02
4.792886993831055320e-02
2.866616160332451785e-02
-4.802025404175797041e-02
-1.247617606002477397e-01
-6.588163311487960083e-02
-5.342844389394579840e-02
-7.321643693236454253e-02
-5.326035866874090363e-02
-2.046448983574059716e-02
4.670570632821143334e-03
4.308641187049506299e-02
6.739917515727791852e-02
2.405130139775692524e-02
5.274170803520599610e-02
5.196786023434244589e-02
6.232412516907478300e-02
1.263528101278776350e-01
1.105778542823026844e-01
9.853516013880711522e-02
9.485257259318127798e-02
9.903868758866986310e-02
7.832653698991576263e-02
6.794673811067084013e-02
8.035760499298044701e-02
6.292714121226351820e-02
7.358688496386213418e-02
9.073947533998603932e-02
9.390837890805943389e-02
8.496669796318105650e-02
0.000000000000000000e+00
-1.383421675432512307e-02
0.000000000000000000e+00
3.791299336355946625e-02
-3.476235811579073826e-02
0.000000000000000000e+00
3.025060970919227904e-02
-3.106223062872197696e-02
2.165357724086043253e-02
0.000000000000000000e+00
1.850866970147355128e-02
2.866726449754805270e-02
-3.137070023621909426e-02
-9.849084321213479043e-02
-7.992089360814318144e-02
-3.775370836016350012e-02
-6.884374829138613372e-02
-1.344098319223616944e-01
-9.580945314145009051e-02
-3.400216705064110223e-02
1.885556353930676818e-02
5.028364711201029763e-02
4.215901779602615473e-02
3.581317960488285962e-02
5.975695145221231186e-02
4.665936923163832573e-02
8.602449882474307030e-02
1.333638341805224725e-01
1.474734295603787326e-01
9.470183758382730299e-02
1.023979617842714213e-01
1.525811901795895431e-01
1.600628498436119929e-01
1.213033229823777398e-01
1.118313739822331260e-01
9.936222596673868757e-02
8.706157390537090646e-02
6.068859410767686591e-02
5.058388080816244442e-02
3.845905581776955240e-02
0.000000000000000000e+00
1.963517540172729503e-02
0.000000000000000000e+00
3.502769120019959270e-02
2.324520856690216741e-02
0.000000000000000000e+00
5.009343493407245052e-02
5.077787820590054513e-02
6.649094499946159309e-02
0.000000000000000000e+00
1.330995864115759944e-02
-4.794858029298707663e-02
-1.119197936717139796e-01
-1.250952248359279984e-01
-1.585587862182006869e-01
-1.278769569829540098e-01
-1.658569291901069442e-01
-9.196439476822700076e-02
-9.006951619832112566e-02
-3.441829701585001622e-02
8.921574046243236494e-03
-5.236661909618711697e-02
-4.738827593084220247e-02
-7.887714186744233802e-02
-7.918588596995780604e-02
-9.591259204121389478e-03
-9.972900844472836965e-03
1.708048792842101551e-02
-1.119210500024056011e-02
3.043467031859749868e-03
4.480803133817361228e-02
1.377284785100147541e-02
-1.700340018587242694e-03
-1.070552889293472851e-02
-1.940084973966571188e-02
-1.966853182637448919e-02
-2.333190516249670013e-02
-3.368529597628285716e-02
-2.422780998889804624e-02
-1.506716702845779451e-02
