-1.494754961923335934e-23
-7.258150479672347000e-02
-1.494754961923335934e-23
-9.393841817137613126e-02
-1.057450337958010939e-01
-1.494754961923335934e-23
-7.628131045944422373e-02
-9.025638840934392670e-02
-6.935116737761827521e-02
-1.494754961923335934e-23
-6.308772466081902230e-02
-9.865025243365813101e-02
-1.045437634250698938e-01
-1.062405178018560881e-01
-8.956095566959078325e-02
-6.662674380798555562e-02
-7.394910947091073994e-02
-5.104236748712214639e-02
-6.433526108493123341e-02
-4.703128638688391233e-02
-4.138440575790051923e-02
-4.544079320282665840e-02
-4.173581430129229969e-02
-3.648561194811082015e-02
-3.819655874498904813e-02
-4.121554649544046517e-02
-3.710707059284139991e-02
-3.862952275883641678e-02
-3.493099000123472964e-02
-2.897157547162067942e-02
-2.506079135120816911e-02
-3.123383247929945733e-02
-3.906071386263573059e-02
-2.030596104019257581e-02
-1.538441353067275530e-02
-2.210815002283054997e-02
-1.982135361383600622e-02
-3.561822705605100902e-03
-1.653890020332286770e-02
-1.043757967104848652e-02
-1.494754961923335934e-23
-1.084906894994386722e-01
-1.494754961923335934e-23
-1.011861221940322381e-01
-1.030472010514730669e-01
-1.494754961923335934e-23
-8.217558594098411939e-02
-8.961713957665715102e-02
-8.817434313554990688e-02
-1.494754961923335934e-23
-5.683394848142878097e-02
-7.490529757956626566e-02
-9.352533374860917681e-02
-1.074719410828298277e-01
-1.022477761380516242e-01
-8.292254208788113479e-02
-8.031671097474449295e-02
-4.697929158778455655e-02
-3.567485479061408699e-02
-4.422552219016361724e-02
-3.878290815759814769e-02
-3.611508496757205589e-02
-3.620975159965384577e-02
-2.677526731496050402e-02
-2.986198316903043715e-02
-4.802114702105415855e-02
-4.776086581294555766e-02
-3.219850998918601104e-02
-1.428525183131311958e-02
-3.311946979428086191e-02
-1.792635339292449753e-02
2.046115351750780673e-03
-8.500077892084234588e-03
-1.917873545405242948e-03
-1.698713944456523755e-03
5.526711426016175585e-03
-1.244385831497684053e-03
-2.177264406720785892e-03
2.948812769417844416e-03
1.156720608577322361e-02
-1.494754961923335934e-23
-7.251221289846858375e-02
-1.494754961923335934e-23
-7.618653067362746167e-02
-4.889490318608006453e-02
-1.494754961923335934e-23
-6.566766580467670034e-02
-6.649878698121478027e-02
-8.545629878897828546e-02
-1.494754961923335934e-23
-4.608264893329617334e-02
-4.927006773851556887e-02
-5.360400232759329753e-02
-7.522519879181108204e-02
-1.004146769944601891e-01
-9.460344795458391909e-02
-6.568105929090566064e-02
-6.447780800827382364e-02
-5.535974263125791744e-02
-6.883286080111579441e-02
-7.787405173932364366e-02
-9.833859064447471321e-02
-8.134980583139432564e-02
-6.938019387880381417e-02
-7.921192702791891860e-02
-7.449265143151281854e-02
-7.011611653635847763e-02
-7.595816954723454140e-02
-7.545528529168346599e-02
-7.767353342751151524e-02
-7.882398098915416318e-02
-7.323972830111620536e-02
-7.864920122912484601e-02
-7.539333015549147532e-02
-8.708320020781677717e-02
-8.078149119238903220e-02
-7.567100701958875963e-02
-7.061193289626205294e-02
-8.281454352214710768e-02
-8.161130491752453808e-02
-1.494754961923335934e-23
-5.964553135957813973e-02
-1.494754961923335934e-23
-1.013130250029397744e-01
-8.586146120352418365e-02
-1.494754961923335934e-23
-6.006846608836981238e-02
-6.869076661789337568e-02
-8.609730920814206989e-02
-1.494754961923335934e-23
-4.210521963894023334e-02
-4.403245712022239161e-02
-5.529717731731365743e-02
-7.477887839613769905e-02
-8.756476213296741917e-02
-7.560677939172544271e-02
-5.409648279330489529e-02
-7.572420546648923889e-02
-7.206198395687668512e-02
-7.117026655706436278e-02
-6.316017273445603819e-02
-6.959113395797945911e-02
-5.283146475991355728e-02
-5.189835273538202787e-02
-5.407278893934828329e-02
-5.108870537310608584e-02
-5.447088457366083131e-02
-5.372519797409357201e-02
-5.502890553636911875e-02
-4.383639910302261633e-02
-4.661260671393169241e-02
-1.936568160774534628e-02
-3.111962463194802714e-02
-3.351617984943278811e-02
-4.291548577327063824e-02
-3.808169591632250967e-02
-3.640654309262244398e-02
-4.124344364093124327e-02
-3.053167993034901911e-02
-3.284549862599686620e-02
-1.494754961923335934e-23
-6.182434394515663040e-02
-1.494754961923335934e-23
-7.484072424861308581e-02
-4.869624276075122660e-02
-1.494754961923335934e-23
-6.756390176348121834e-02
-9.243146351949071970e-02
-8.217018737854796251e-02
-1.494754961923335934e-23
-7.759779722233504928e-02
-5.576413358446923041e-02
-6.395286069439572174e-02
-9.450795807934339599e-02
-1.045335155502236102e-01
-9.956468267024090602e-02
-1.107784547412222625e-01
-9.855768971564927983e-02
-1.227741264660814624e-01
-8.701464878524627078e-02
-8.358912972641820149e-02
-9.931260813286815758e-02
-1.069624638965871039e-01
-1.249914092270091315e-01
-1.136845033946746464e-01
-1.436861436901221145e-01
-1.284157684662732002e-01
-1.184291356518549776e-01
-1.362844342434454403e-01
-1.426177185912142209e-01
-1.260777581880604681e-01
-1.353539763480759439e-01
-1.365444275373980110e-01
-1.275726747102783054e-01
-1.263632495122062604e-01
-1.274302923061774728e-01
-1.134330158618230833e-01
-1.136862737458529810e-01
-1.157305330894945611e-01
-1.155746723394997649e-01
