-2.974441138290266629e-24
5.156875588949400707e-02
-2.974441138290266629e-24
7.396750897741137531e-02
1.590880172904232115e-01
-2.974441138290266629e-24
1.761072514421533064e-01
1.823650754193789358e-01
1.750560792565034329e-01
-2.974441138290266629e-24
7.045704636094873852e-02
4.005783668634293332e-02
3.502701064018554772e-02
5.984255210267616643e-02
7.774369491786677078e-02
8.008930995689358956e-02
9.599084826653754565e-02
1.252360426799110082e-01
1.211654294451855324e-01
9.806255362695244504e-02
1.180193242421124500e-01
1.245885462985690112e-01
1.534528482485509326e-01
1.473068092887696301e-01
1.101445878810969475e-01
6.451831324589279992e-02
8.706289392460524190e-02
7.579253328107926624e-02
1.006867962150711227e-01
7.042933733852244083e-02
4.862686786665210148e-02
4.087356990183078909e-02
1.726269749321783509e-02
5.809163403510239632e-02
5.701671852942930691e-02
3.381480997718935150e-02
4.535766332414110230e-02
8.097701884154404062e-02
9.176820971606314270e-02
1.017617118832111339e-01
-2.974441138290266629e-24
5.930930532566926899e-02
-2.974441138290266629e-24
6.731066492188407524e-02
9.072965567087042105e-02
-2.974441138290266629e-24
1.715654858447287212e-01
1.718068097041744180e-01
9.408194908787047284e-02
-2.974441138290266629e-24
7.740650949919478108e-02
2.423873404171876869e-02
4.543571376417829266e-02
2.249364469931776356e-02
1.197980954533634391e-03
2.442984576485873749e-02
-3.537349253395358911e-02
1.979566967972886532e-02
3.035569784651079642e-02
3.062829260097251621e-02
3.373420982308727306e-02
7.442359530738083817e-02
6.907377889335568344e-02
5.651318198003862231e-02
6.454451689368731482e-02
2.574315580448755317e-02
4.474171699165892593e-03
1.877958450442101732e-02
9.186770093275366950e-03
2.867184089207208339e-02
1.207862779432468045e-02
5.083493337842313713e-03
-2.635836501955850578e-02
-2.576793713329651736e-02
-2.808559041790260197e-02
-6.467726766883837020e-02
-4.709817331001487500e-02
-9.173538195144820273e-02
-6.744883133018413079e-02
-5.084789654663252056e-02
-2.974441138290266629e-24
5.638979541664132511e-02
-2.974441138290266629e-24
2.577893323433107578e-02
1.024502508959258401e-01
-2.974441138290266629e-24
1.326089995607905581e-01
1.364109753324040664e-01
1.065045235297536336e-01
-2.974441138290266629e-24
3.665063771361498635e-02
-1.746339467085670019e-02
-2.103619872894917434e-02
-3.956313129705309357e-03
-1.950042745556035059e-02
-6.075161832295562087e-02
3.893822945055777640e-02
-2.063935749378604037e-02
2.261029494039161133e-02
1.307133313100737777e-02
2.776190088287912652e-02
6.536291755192696895e-02
4.679345291805742102e-02
4.035810272858579573e-02
5.777561221565778726e-02
3.581976284790312076e-02
-1.590022721876092546e-02
-1.919812981317249936e-02
5.284315338536012957e-02
3.369687615400125680e-02
5.810909443895734793e-03
-1.371025134486763067e-02
-6.094287796856652810e-04
6.779161128760825480e-03
3.690606502394234295e-02
6.672276525424050394e-04
8.026847944274129523e-03
-1.076046926362366277e-02
-8.645543816344664068e-03
-5.080339325063187861e-03
-2.974441138290266629e-24
8.726297335436297709e-02
-2.974441138290266629e-24
1.038785231101087836e-01
1.167377682277212225e-01
-2.974441138290266629e-24
1.343423813340612893e-01
1.579782771906848016e-01
1.173669517952612706e-01
-2.974441138290266629e-24
8.822945972713509832e-02
7.581717639572738143e-02
7.207690428739971233e-02
5.638238628977963740e-02
2.823889386059070042e-02
3.000165974823292350e-02
6.276173808146123800e-02
8.835042466471006162e-02
8.274375902020342233e-02
8.906582251856105803e-02
7.884418762680414638e-02
1.117538309743572184e-01
1.238029069719435715e-01
9.962582837917792478e-02
6.428902455579066366e-02
2.232666110730403483e-02
7.883989484466455422e-02
7.718542779154996536e-02
6.066990613570857893e-02
2.435762067053479432e-02
2.254562916009177076e-02
2.383213465754471447e-02
2.938884218841693319e-02
4.819218504195922625e-02
4.933088441785174472e-02
4.197150908927697183e-02
5.169315471585598371e-02
1.030237048267156341e-01
1.091933427178206628e-01
1.008260219902619714e-01
-2.974441138290266629e-24
6.331009095125834929e-02
-2.974441138290266629e-24
5.742860705109258113e-02
3.924662351419166972e-02
-2.974441138290266629e-24
1.205393368338600613e-01
1.531695705884941194e-01
9.962293276963460342e-02
-2.974441138290266629e-24
1.889226571382212130e-02
-1.016634397157397882e-02
-4.193239655767157237e-02
-5.552280329033599388e-02
-1.478524731221375794e-02
-2.119298349257479203e-02
2.466075513041860248e-02
8.885790592859607942e-03
3.297641300013372245e-02
6.313770014757201510e-02
6.691886556339748937e-02
8.655851652731780255e-02
8.450946744005935485e-02
1.010027680413938395e-01
1.005181363719108573e-01
7.841704209173221141e-02
6.322774120792380714e-02
5.261162222649468090e-02
4.748821171155845344e-02
5.839155609697176813e-02
3.124620329093178578e-02
2.872595778485246415e-02
5.600091561526024386e-02
3.043170220520564559e-02
3.929453724828002592e-02
5.302560909611972462e-02
6.438358605248069300e-02
7.958415650752240222e-02
8.649239607807224228e-02
6.518470484304442203e-02
