4.031950533820543233e-23
6.320549316605854340e-02
4.031950533820543233e-23
5.126135049642080443e-02
4.678953841472161673e-02
4.031950533820543233e-23
2.671489487981168476e-02
4.326732966783371909e-02
4.681417295804962686e-02
4.031950533820543233e-23
8.040007702726480188e-02
8.933008980651925557e-02
1.324644345044088123e-01
1.718209703789455034e-01
1.850075225954687652e-01
1.333457251773600416e-01
9.146711772311941213e-02
-1.290037350909875938e-02
-9.476368086891685805e-02
-1.254993062710269003e-01
-9.023703124288411093e-02
-6.033481991600995326e-02
-3.859893817362696627e-02
-6.870742800771056924e-02
-9.480008497493890018e-02
-7.260996707968120356e-02
-2.458692699422656766e-02
-2.830990729777559459e-02
-5.660797795711564051e-02
-2.083707797984426027e-02
-3.810799799385981585e-03
-4.063758849451203081e-02
-6.219333942299010848e-02
-6.604124517313683662e-02
-4.917843786996213551e-02
-7.126645873958697974e-02
-1.050377837965517924e-01
-1.123452819307768497e-01
-9.791063762208401799e-02
-5.882645103621039762e-02
4.031950533820543233e-23
5.309559436377438157e-02
4.031950533820543233e-23
5.670595181630452841e-02
3.079093512857887169e-02
4.031950533820543233e-23
4.657429472773707418e-02
4.755245180981829134e-02
4.013859479082328152e-02
4.031950533820543233e-23
7.046407355279311890e-02
8.662890007855997276e-02
8.882322335437567440e-02
1.316198007284245797e-01
1.658489319576040011e-01
1.351909416135851638e-01
8.227350739135158575e-02
-1.053255502017510711e-02
-1.051308832049919345e-01
-1.171978594459800738e-01
-1.031566056531335457e-01
-4.924800717154241558e-02
-3.877975442399137634e-02
-8.067005114453001946e-02
-1.091998792725819428e-01
-9.068263154826904093e-02
-5.209347217590316881e-02
-5.085858353614963051e-02
-6.815598209498584248e-02
-4.650960781850008857e-02
-2.342873827067121478e-03
-5.240918110131304042e-02
-7.281326016582806426e-02
-7.244232843350933981e-02
-7.567957389913589072e-02
-1.123692582013351704e-01
-1.243343794668709534e-01
-1.215990798937979650e-01
-1.082133146512146288e-01
-8.266300147290309153e-02
4.031950533820543233e-23
2.297401910927881000e-02
4.031950533820543233e-23
2.174059021168500347e-02
3.666375153578266786e-03
4.031950533820543233e-23
2.979307381503977503e-02
-8.951297944124306932e-03
6.636262117956050720e-03
4.031950533820543233e-23
5.511150438596219142e-02
7.012325002569316790e-02
6.172373890183799339e-02
1.326044290386710345e-01
1.541363652479033897e-01
1.543226806262834039e-01
7.084905458664932099e-02
2.387286210891056970e-03
-1.015080340230463812e-01
-1.199970624983734552e-01
-1.002214346256635052e-01
-4.151301940920779088e-02
-2.983685822095791945e-02
-8.100230845106175248e-02
-1.065899779229066563e-01
-8.783830468460242236e-02
-6.342268052715921423e-02
-4.167483859326853030e-02
-4.693357746209331910e-02
-3.367726871908206104e-02
-5.944385286624094197e-03
-5.409958184954626048e-02
-7.528083187800814480e-02
-5.626028617355129102e-02
-2.428025079266924249e-02
-7.370265705569123416e-02
-9.531608891883856793e-02
-8.556027079644550060e-02
-7.690259110494518380e-02
-5.920682880134307130e-02
4.031950533820543233e-23
2.629463794738288313e-02
4.031950533820543233e-23
2.326391167609889732e-02
1.187195333441366969e-02
4.031950533820543233e-23
-2.423347711253579645e-02
2.845252095792194513e-02
3.276265030291986013e-02
4.031950533820543233e-23
2.971310338821491967e-02
4.441292798836208450e-02
6.088764321435146537e-02
1.007836584685345149e-01
1.367968903240297240e-01
1.075948773578096762e-01
8.730386452534892594e-02
2.959541641608867679e-02
-6.893713207863860770e-02
-8.871087718270251332e-02
-6.767844627343205799e-02
-2.191575052163967016e-02
-2.934289202467882385e-02
-5.032732754056269686e-02
-7.902613754535624258e-02
-7.939606009649491369e-02
-5.418956226972891643e-02
-2.661791637418240222e-02
-4.482497547989858916e-02
-3.129861199542070815e-02
-4.028880068282843230e-03
-4.944581178958384893e-02
-7.913411473713770350e-02
-6.435756147695825824e-02
-6.325749303636639398e-02
-8.640952716465595540e-02
-9.873503866000775397e-02
-8.651240985398227223e-02
-7.257502544179177117e-02
-3.210289587785763316e-02
4.031950533820543233e-23
-5.799719718660273707e-03
4.031950533820543233e-23
2.896454573967255711e-02
-5.118018942040065966e-03
4.031950533820543233e-23
3.325326989126145549e-02
1.132935178558482081e-02
3.388696078590232308e-02
4.031950533820543233e-23
4.727554552424448331e-02
6.356109759088075795e-02
9.269731852966157926e-02
1.184387117504517306e-01
1.347360044122333511e-01
1.228083521324690314e-01
8.649745218802197544e-02
2.772973249597758018e-03
-6.094114981621839844e-02
-7.644445722948475797e-02
-5.838415780333882504e-02
-1.604404405948624268e-02
-1.177754230561110609e-02
-4.381380359302131794e-02
-7.317211997910663679e-02
-5.625136361425613074e-02
-3.678221598845918261e-02
-2.264212764978973391e-02
-3.663033471672411112e-02
-3.248711360536125914e-02
-8.647223323815341617e-03
-4.994243095006717370e-02
-7.543721961489549543e-02
-5.192502078199646987e-02
-2.918415748884822455e-02
-7.438400994663565968e-02
-1.011477902947613555e-01
-8.017277046184757838e-02
-6.193048298874299917e-02
-1.767215648071657555e-02
