0.000000000000000000e+00
2.083777865058049003e-02
0.000000000000000000e+00
7.355149735334475664e-03
1.682548689042942872e-02
0.000000000000000000e+00
7.758407596545697539e-03
9.563755490426149516e-04
6.616323720654021523e-02
0.000000000000000000e+00
8.739257841748890310e-02
9.183613966987538846e-02
1.075335524834305501e-01
1.331483687008446770e-01
1.606103493688071926e-01
1.356217776755462290e-01
9.372499909249423777e-02
-3.406327516103606345e-02
-1.246648347178274524e-01
-1.360054094964685267e-01
-7.346955768202863279e-02
-2.173943740018097898e-02
-4.416199583810705154e-02
-6.753775913680583332e-02
-8.515741582814082000e-02
-7.716096653523658866e-02
-5.221552093150616525e-02
-6.803199967005853221e-02
-8.577969773562983680e-02
-6.310303534018354976e-02
-5.746018902391142325e-02
-2.753342050007314898e-02
4.410495793722040737e-03
-4.053798803978744640e-03
-3.987071704424250719e-03
2.431305209497885630e-02
-1.747693770420620865e-02
-5.235747244696391939e-02
-4.289832393240609193e-02
-4.372902524394356623e-03
0.000000000000000000e+00
8.672858589841830196e-03
0.000000000000000000e+00
-1.872683894778205682e-02
5.040419131119077377e-03
0.000000000000000000e+00
3.744013436515564869e-02
1.862439983274326305e-02
6.564615508759862050e-02
0.000000000000000000e+00
7.453218307096780293e-02
8.481136542481784724e-02
8.931277817810180653e-02
1.474973460423524563e-01
1.598461447894722609e-01
1.446026639363283406e-01
8.304509599635941097e-02
-1.715246527038713498e-02
-1.121880565393581636e-01
-1.398259054560104797e-01
-8.785184977553615882e-02
-4.251373167460920782e-02
-3.908183512115533109e-02
-8.080427630268975647e-02
-1.074598377102351926e-01
-9.639259005350789278e-02
-8.036341681897311851e-02
-8.873717336910551257e-02
-1.109885650455553902e-01
-9.056077384545785369e-02
-7.320579673709565194e-02
-5.734611199650393315e-02
-4.474595407478333675e-02
-8.809668651645884488e-03
-1.750804732921778378e-02
1.264892772782406525e-03
-1.083367645449589099e-02
-3.979750507711620616e-02
-4.150507170010601932e-02
-7.422463697353390982e-03
0.000000000000000000e+00
3.389234851268945609e-03
0.000000000000000000e+00
-3.695986853114373999e-02
-1.601809240976140650e-02
0.000000000000000000e+00
-5.301991386053000153e-03
1.400635988579877235e-02
4.650603871840269105e-02
0.000000000000000000e+00
7.283024833670130593e-02
8.423978565547392272e-02
6.869064106822894700e-02
1.179953762488528402e-01
1.264456409303917894e-01
1.182025874779661506e-01
9.073389864277645045e-02
-4.509301431874038896e-02
-1.122393887170024251e-01
-1.160771694358136430e-01
-7.572127117383350980e-02
-5.660359109177551945e-02
-6.125007550389222760e-02
-1.039985648258899137e-01
-1.387563427177268827e-01
-1.097378697664580238e-01
-7.808650501881704564e-02
-1.051799945300855993e-01
-1.173809242806225922e-01
-9.197803544556064359e-02
-7.935922238108841786e-02
-5.722032501212175049e-02
-2.647584290890013861e-02
-8.489727871688649077e-03
3.156016146229400320e-03
1.471152206146239929e-03
-4.154518679753239907e-02
-5.626866976551103683e-02
-2.853395373049813499e-02
1.142206923648540892e-04
0.000000000000000000e+00
-3.295194288692882088e-03
0.000000000000000000e+00
-6.372273992681176669e-02
-2.774608451471330395e-02
0.000000000000000000e+00
3.616344938221193730e-04
-1.814974464463242620e-02
4.599301109444095537e-02
0.000000000000000000e+00
7.136725025580846482e-02
7.183806548369980893e-02
5.437344680078729647e-02
1.060070983827383351e-01
1.344465346585278220e-01
1.087059552073712798e-01
5.904474932940911164e-02
-3.675739219104431910e-02
-1.058014233568377732e-01
-1.226429078230080461e-01
-8.487293648258698031e-02
-3.650238876560971818e-02
-4.991755581043626211e-02
-1.071246031597398729e-01
-1.217516263328151244e-01
-1.089207427449119664e-01
-1.011409499900713521e-01
-1.096725084556924024e-01
-1.095905423764377967e-01
-9.788617551796938154e-02
-9.032459583300035677e-02
-5.377713442786312414e-02
-4.431421813645289309e-02
-4.385197469494378497e-02
-1.246458073771354938e-02
1.008184952129962363e-02
4.679542387924164222e-03
-1.851846867991506149e-02
-5.233201930771864789e-03
3.316423048781728250e-02
0.000000000000000000e+00
3.888542775203305407e-02
0.000000000000000000e+00
2.715723776543491758e-02
6.787037651225409640e-04
0.000000000000000000e+00
2.663016723002161260e-02
4.485317909952490911e-03
6.023919956632070583e-02
0.000000000000000000e+00
5.127189390046325845e-02
6.730066824948424675e-02
5.342550474545298966e-02
1.002341067979073408e-01
1.120159691886394165e-01
1.059138961000762047e-01
9.648860824750547793e-02
-7.423483310139127739e-03
-9.191186483175962929e-02
-8.386117908719166458e-02
-3.798702584625101436e-02
-3.587280367228615902e-02
-7.410582547818646282e-02
-9.401686806441889033e-02
-1.071299386707610379e-01
-1.157862980417138088e-01
-9.361750600432107439e-02
-9.506510577853378996e-02
-1.195690304876974724e-01
-9.477549963025833080e-02
-6.645941418220763230e-02
-4.025525242058029113e-02
-3.171527049025423678e-02
-5.151524092438603680e-02
-1.988872131390035866e-02
2.039958549977601357e-03
-1.368328210873149750e-02
-2.863358324915273034e-02
-3.362508796488710566e-02
-1.445187852490168595e-02
