-6.039634241566811816e-24
1.906041195435675614e-02
-6.039634241566811816e-24
4.705246748803831175e-02
5.373490814030713880e-02
-6.039634241566811816e-24
5.225172802116759274e-02
4.035892088166161129e-02
5.281329497851880439e-02
-6.039634241566811816e-24
3.498332949668117586e-02
1.886583256479881440e-02
2.735738166719411252e-02
1.337308976093377344e-01
1.500954373698898947e-01
1.078289364550622520e-01
6.138994278000196175e-02
-1.253140835294570474e-02
-4.694999701957169869e-02
-1.288223668621721607e-01
-1.442927535037489273e-01
-1.277406864517360296e-01
-1.228093828565853529e-01
-8.063701434108069832e-02
-9.956961153484647498e-02
-1.251796340263458818e-01
-1.005832662748309125e-01
-7.689952841820917040e-02
-3.583840837910850369e-02
-4.587582800627575119e-02
-4.044389587332957586e-02
-7.714525929568619850e-03
-2.512641960978287403e-02
-4.258998170124463772e-02
-2.385408043462046088e-02
1.382091202605168108e-03
-3.161565486027834854e-02
-7.227928120983873050e-02
-7.807949977645065043e-02
-8.601604285791196458e-02
-6.039634241566811816e-24
4.027197516106857667e-02
-6.039634241566811816e-24
1.634015223529416624e-02
1.267562104864732551e-02
-6.039634241566811816e-24
6.476250871480696003e-02
6.338261198075224867e-02
7.514864376787716571e-02
-6.039634241566811816e-24
6.144644002722923076e-02
3.497425788434499472e-02
7.111662561044210240e-02
1.564398796570663497e-01
1.641451789383232829e-01
4.761449389147622696e-02
1.308454252664146243e-02
-3.183060439583156737e-02
-8.184935408187016259e-02
-1.228467511827741609e-01
-1.381598523665604483e-01
-1.213948441801790401e-01
-1.109980335942817309e-01
-9.567861683549734597e-02
-1.056636892829173752e-01
-1.163968781232701949e-01
-1.200894609121093276e-01
-1.047626679069298822e-01
-7.997422942695300851e-02
-4.885924410377656679e-02
-4.072301782887875060e-02
-2.254578850283142297e-02
-1.769445423277658802e-02
-3.176333410361062426e-02
-2.997488844711600903e-02
-8.506781488093027518e-03
-2.258887603538723560e-02
-5.859652479776148587e-02
-8.510591902469696879e-02
-8.983961692990520553e-02
-6.039634241566811816e-24
2.701430380274129350e-02
-6.039634241566811816e-24
1.175696985077271869e-02
3.491094413353859616e-02
-6.039634241566811816e-24
1.154090195215155303e-02
3.736569140686562141e-03
2.645878188986568874e-02
-6.039634241566811816e-24
3.566722608769244685e-02
-8.720653148903780016e-03
3.577618820016919415e-02
1.104346124633837078e-01
1.289149560181195031e-01
4.744359372744279962e-02
3.174696354221539368e-02
-4.978438629502926482e-02
-9.425076405500285026e-02
-1.442834923330277019e-01
-1.480169975500610080e-01
-1.517561268405757668e-01
-1.307004115535770339e-01
-1.070298323716869782e-01
-1.075584926093304805e-01
-1.223929854836300901e-01
-9.223226499450842830e-02
-7.211320705544066456e-02
-4.006507660767245904e-02
-3.878405383746105078e-02
-3.663859147864573229e-02
-4.104516995992927436e-02
-3.139814206112895301e-02
-3.559835037790527734e-02
-1.492730159019839409e-02
1.005947949747558641e-02
-1.145640833629910831e-03
-4.728025866693373602e-02
-7.317982509548619230e-02
-8.669757053155130455e-02
-6.039634241566811816e-24
1.476482013680097301e-03
-6.039634241566811816e-24
6.961115503143633018e-03
8.460508841708050745e-03
-6.039634241566811816e-24
3.252859606894182350e-03
4.298783799733745664e-02
1.617337307885308509e-02
-6.039634241566811816e-24
7.482623478123006343e-03
3.137309882912860809e-02
3.849653054157324561e-02
1.140798531971099067e-01
1.162419544105665753e-01
2.799021885842125495e-02
4.129167938182674163e-02
-2.507164171586293705e-02
-7.235718995679719934e-02
-1.546774596961134618e-01
-1.554105727784478586e-01
-1.338205599204243812e-01
-9.839174354589770577e-02
-1.023549309561525150e-01
-1.166012341777443034e-01
-1.345198431511230308e-01
-9.410876067260243172e-02
-5.696302279389191953e-02
-4.412423865973707365e-02
-1.363777369220223364e-02
-2.451885371561451921e-02
-3.047329820436931250e-02
-3.056951944879711044e-02
-1.329225222678303946e-02
-3.299462540543129235e-02
7.612290841498535639e-03
1.154285126897310705e-03
-3.478120619245906459e-02
-5.645559050938898926e-02
-6.252247631472052092e-02
-6.039634241566811816e-24
5.629083729535804166e-03
-6.039634241566811816e-24
3.908543946310999440e-02
4.033271509543143868e-02
-6.039634241566811816e-24
2.451869384278527672e-02
4.147078058409665174e-02
4.864543959948791629e-02
-6.039634241566811816e-24
2.494333832063882345e-02
6.643237092476593844e-03
7.877467678265108464e-02
9.457691761205018477e-02
7.851542072907735648e-02
4.259559977765006722e-02
5.081516638747664988e-02
-1.440650988464642346e-02
-6.020398091232037618e-02
-1.165174981984833796e-01
-1.325495282371170203e-01
-1.133790077053219020e-01
-8.606157673233236216e-02
-9.230687757588225406e-02
-1.005583425845894691e-01
-1.052020169248187031e-01
-9.776987132141615189e-02
-6.659945311579405780e-02
-4.079421341625498465e-02
-2.468953459544256934e-02
-5.702598582013756329e-02
-3.540250052475069076e-02
-1.762728051185267694e-02
-2.783881619314240025e-02
-4.722668964345023285e-02
-1.409450337135727434e-02
-9.060898654618773640e-03
-2.346026930452372802e-02
-5.271234692341576766e-02
-5.946535326302755664e-02
