-1.130643928224753404e-23
1.882641912502616352e-02
-1.130643928224753404e-23
-2.059027925908426745e-02
5.421787912806176959e-03
-1.130643928224753404e-23
-1.851729212204730008e-03
-1.721259649535800823e-02
-4.600169681788456727e-03
-1.130643928224753404e-23
3.431754413874368165e-02
2.208912134279665887e-02
4.704578584332281405e-03
1.155803782549770335e-02
-1.795719325814117805e-06
-2.628415982299413950e-02
-2.750617574941137400e-02
-3.367642210975073380e-02
-3.454360453974582995e-02
-4.770907769521490205e-02
-6.630429971382693910e-02
-6.974854634464232317e-02
-5.901965319594874859e-02
-6.732078163167938556e-02
-5.546644486510141775e-02
-6.429105358544569271e-02
-6.615027675563099618e-02
-7.533741350570494211e-02
-6.609501348607921267e-02
-5.467783446337139835e-02
-4.910855206053193339e-02
-6.452291714243620080e-02
-8.059506413661185475e-02
-6.203700733607408341e-02
-6.602210434703197073e-02
-5.703033748809109571e-02
-4.692613246041575648e-02
-5.020927366732418767e-02
-4.993084857646556268e-02
-5.434474725941365603e-02
-1.130643928224753404e-23
-3.536104476190513046e-02
-1.130643928224753404e-23
-4.617378294216550189e-02
-5.601724725521849135e-02
-1.130643928224753404e-23
-8.855632168723223674e-02
-7.743045929407922634e-02
-2.265966129613262645e-02
-1.130643928224753404e-23
-4.578300372409331576e-02
-3.832340277333561723e-02
-5.282779378138638404e-02
-5.519856796026513523e-02
-6.890608771569725621e-02
-6.860322513625290164e-02
-5.487970108344088910e-02
-6.650871396189794726e-02
-6.749224895410900482e-02
-1.077666405350283380e-01
-5.540407616957099962e-02
-6.782036842763911055e-02
-7.101464993321633667e-02
-6.983289641448858776e-02
-7.044965862008140123e-02
-6.289061705424743576e-02
-6.085355006036672482e-02
-7.610386048239234369e-02
-6.858590851898195562e-02
-5.535884460355026265e-02
-5.315541605972780304e-02
-5.119883318484917678e-02
-6.944680366224334489e-02
-7.177072151548576084e-02
-7.133285173901969534e-02
-6.297308889081046357e-02
-5.336128697187740577e-02
-5.881372028997479406e-02
-5.254198206367726581e-02
-4.282690245393564604e-02
-1.130643928224753404e-23
-1.278521642012243019e-02
-1.130643928224753404e-23
-2.885496836790230751e-02
-4.984479528584582347e-02
-1.130643928224753404e-23
-6.143699330293751065e-02
-2.526339603801760342e-02
-4.375582100941714792e-02
-1.130643928224753404e-23
-4.393797728165796390e-02
-3.498506073222118484e-02
-2.662398680283520683e-02
-5.691322503496962920e-02
-6.358101903868507154e-02
-6.337291597659716613e-02
-5.582959650502026389e-02
-5.798474799880314057e-02
-5.797045361565800192e-02
-9.361607098561208762e-02
-7.911565213870877522e-02
-7.305094303947093359e-02
-6.812736928138207748e-02
-9.515002358002425109e-02
-8.857628842420865733e-02
-8.194260707200017035e-02
-7.897637789612375891e-02
-8.817758082284288257e-02
-1.097749614719497474e-01
-8.324345874878884277e-02
-9.016713519199474891e-02
-9.188729397127766430e-02
-9.021288095615551117e-02
-1.063135744752681383e-01
-1.016303137206358981e-01
-9.571213672326182864e-02
-1.008977992532456847e-01
-9.907345196851589930e-02
-9.266846316150259555e-02
-9.186327888366037364e-02
-1.130643928224753404e-23
-4.867175450354500194e-02
-1.130643928224753404e-23
-5.703924539047849213e-02
-3.235420679516650549e-02
-1.130643928224753404e-23
-4.964042754235582777e-02
-5.797094125041366702e-02
-4.558945053318008006e-02
-1.130643928224753404e-23
-4.025781572045222800e-02
-5.022342281894277144e-02
-6.293504393852275558e-02
-3.016353232559535261e-02
-3.330925195189281263e-02
-6.819695540517881072e-02
-8.923742441338297637e-02
-1.124065115726754216e-01
-1.322790584156059157e-01
-1.213008243507053274e-01
-1.139666223097566961e-01
-1.038141900857146305e-01
-1.092498480583044274e-01
-1.387628837381985059e-01
-1.216783287590332968e-01
-1.217977848142352826e-01
-1.083759798882788783e-01
-1.230839989629965853e-01
-1.226198862232619202e-01
-9.848059844938757135e-02
-1.083903083703549458e-01
-1.122964667165770314e-01
-1.136757919794851857e-01
-1.210610665529456148e-01
-1.074533774826873789e-01
-1.022448297171716092e-01
-1.009327318302870036e-01
-9.408913722625091014e-02
-8.283159784359805933e-02
-8.367215132759482643e-02
-1.130643928224753404e-23
-9.577697542461105149e-03
-1.130643928224753404e-23
-3.101435259409405371e-02
-4.481030204101924680e-02
-1.130643928224753404e-23
-7.874566992723920633e-02
-4.056801865729350171e-02
-2.776621373658054795e-02
-1.130643928224753404e-23
-4.378335473331111671e-02
-8.107762527525992635e-02
-2.987066469179318340e-02
-5.045900733569409768e-02
-6.269982441243060478e-02
-9.538804382869472964e-02
-1.156690072970724403e-01
-1.029389826922295220e-01
-6.646194781922826200e-02
-1.024145750402105232e-01
-1.104741374142983873e-01
-1.248002303339926233e-01
-1.297564134316924744e-01
-1.027127526398053103e-01
-1.068755019223110170e-01
-1.079371736822592048e-01
-1.095073668797517524e-01
-7.556765697464254417e-02
-8.978420256997082793e-02
-9.901143019657707156e-02
-7.596912618202068812e-02
-7.557910177841845045e-02
-7.769789245009402212e-02
-5.692577210414370703e-02
-6.808110513633289229e-02
-6.283341886163255896e-02
-7.276904058821445642e-02
-6.600950415488703038e-02
-7.172622504973924507e-02
-6.551509597987403843e-02
