-1.510094920931149879e-23
5.917228994276643034e-02
-1.510094920931149879e-23
5.309951101271895985e-02
-3.718876351347527327e-03
-1.510094920931149879e-23
5.988849975571191447e-02
5.049436383213060792e-02
3.842183921704082905e-02
-1.510094920931149879e-23
2.741590672894033548e-02
5.374822638563812177e-02
1.161050992058734743e-01
1.321773262491422463e-01
1.525032153103583754e-01
1.044756556329186625e-01
6.282631118455626884e-02
-4.346748116788875377e-02
-1.165465446451389303e-01
-1.764373319632430992e-01
-1.930596636200674621e-01
-1.461795310616772203e-01
-1.252126100054929136e-01
-1.067749117695402788e-01
-9.827779322680529894e-02
-6.560766786054213207e-02
-7.680076417287918719e-03
2.015979700982186915e-02
8.031995439919416974e-03
-2.532195352732942092e-02
-4.997526979677664738e-02
-5.760230399839924575e-02
-3.666381984783565612e-02
-2.239414602602167112e-02
-1.575683637374172483e-02
-2.438887542933103683e-02
-3.502866432208884273e-02
-3.068123578701745929e-02
-1.062769595204085364e-02
1.536340995830787160e-03
-1.510094920931149879e-23
3.975166446335868381e-02
-1.510094920931149879e-23
6.051528677686335983e-02
1.846733187546254970e-02
-1.510094920931149879e-23
5.480657888289836022e-02
4.393506256437113011e-02
2.164117704146894389e-02
-1.510094920931149879e-23
4.396831165370086725e-02
5.709533346919023339e-02
1.102568207079596962e-01
1.466002442257120231e-01
1.603987277509631160e-01
1.152208082866190975e-01
8.473354370967071947e-02
-5.143434762696995517e-03
-8.163135499526945338e-02
-1.499344376291772973e-01
-1.504893730938179908e-01
-1.087458995274726420e-01
-8.764799075559367991e-02
-6.859069020326793997e-02
-6.203188866036331295e-02
-7.020551172535975659e-02
-1.096472287508075405e-02
1.942137799857135069e-02
2.528752459203221711e-02
-1.335131167508396208e-02
-4.137174760075598701e-02
-2.805983033603771243e-02
-2.323443547772163428e-02
-2.249076224466420998e-02
-1.803752467005573928e-02
-2.587172425565318831e-02
-3.309295040103012175e-02
-2.178807980784120898e-02
-1.512735959357031958e-02
-2.014344878058626012e-02
-1.510094920931149879e-23
3.254542783177841875e-02
-1.510094920931149879e-23
3.103261433486670037e-02
2.020729327164271123e-03
-1.510094920931149879e-23
-4.303422469368324804e-04
5.178553995768332696e-02
3.508172861825857580e-02
-1.510094920931149879e-23
3.741910505113568014e-02
6.206789764976564788e-02
7.359065553341892496e-02
1.170640261879195565e-01
1.371744501100202740e-01
1.021323595448767607e-01
8.247047155799626383e-02
9.378339468971786178e-03
-9.736755234980709606e-02
-1.821613211509649777e-01
-1.893558031750277870e-01
-1.298415911008397594e-01
-1.022619052738414636e-01
-9.021958979753642860e-02
-9.265017756937703186e-02
-8.695281891816038222e-02
-3.947907575459369545e-02
1.098259728629901073e-02
1.057593482864832221e-02
-3.296745496149061649e-02
-5.913608742651755429e-02
-3.563474622983184986e-02
-2.481678025580233773e-02
-1.669778255081868709e-02
-1.804945281279574099e-02
-2.239637410614982865e-02
-5.541576018308382728e-02
-6.640326433836196696e-02
-5.286827664678323685e-02
-4.908601665181396012e-02
-1.510094920931149879e-23
1.730844624900390941e-02
-1.510094920931149879e-23
1.650195615282254447e-02
-1.431109919250860875e-02
-1.510094920931149879e-23
2.048453585036834682e-02
3.168166498695643152e-02
1.004725696881492505e-02
-1.510094920931149879e-23
9.437081690741516010e-03
5.350818130838278647e-02
8.865651161180017337e-02
1.217213642257486544e-01
1.290072073631517435e-01
1.022681869440105057e-01
9.970118455140590530e-02
4.155706263624115923e-03
-7.674649521481143044e-02
-1.628467992084665084e-01
-1.684928307425414828e-01
-1.238901253665270208e-01
-9.866841554016801685e-02
-9.829467002385826324e-02
-9.982592906958520640e-02
-1.061493350072404834e-01
-5.539866013276896484e-02
-9.249340882080406756e-04
1.152118723412312237e-02
-2.234018282294309918e-02
-2.647042440380927356e-02
-1.594628453577141142e-02
-2.524896461998654348e-02
-1.331955637759504874e-02
-1.167940567522738476e-02
-1.250330865982289021e-02
-2.666874924258784418e-02
-3.309496427648717792e-02
-3.105418381036856648e-02
-3.287925416113159083e-02
-1.510094920931149879e-23
-2.143533127669864854e-02
-1.510094920931149879e-23
-1.943321349517736218e-02
-2.530445629095556467e-02
-1.510094920931149879e-23
-2.082892445609037593e-02
4.518600378500359921e-02
1.614272559408758134e-02
-1.510094920931149879e-23
3.137918448229330692e-02
5.127927434719900535e-02
6.768573542090447481e-02
1.166945307825282968e-01
1.326486042204129412e-01
1.348547518540591239e-01
8.749165921233569010e-02
2.121494181881918017e-02
-6.178102432252891019e-02
-1.466280192849292452e-01
-1.373196895215929025e-01
-1.305081846419423319e-01
-8.525968983858638051e-02
-5.496531770494670482e-02
-6.909464350790926745e-02
-7.276347467909362321e-02
-1.854397616470377860e-02
8.477797105904558150e-03
1.593605772763998646e-02
-1.286178852540065774e-02
-2.603902776120591012e-02
-1.100204137383208394e-02
-2.386097664071341537e-02
-1.374168489549192941e-02
-1.443531439489759843e-02
-9.317980255268034154e-03
-2.628969782524342991e-02
-1.081812801386337550e-02
1.121130988835682650e-02
3.345839058119682435e-02
