-6.054290584771654407e-23
8.015386715885934599e-02
-6.054290584771654407e-23
6.321673706123620562e-02
9.612882572009139037e-02
-6.054290584771654407e-23
7.601708748345727129e-02
8.592784190643226738e-02
7.455294977506539411e-02
-6.054290584771654407e-23
8.036949628669372292e-02
1.132084020433938992e-01
1.248011372848859962e-01
1.761464361658883759e-01
1.779187628418863187e-01
1.302391834897550227e-01
7.257885637493448339e-02
-5.424276921799948276e-02
-1.089471932117832137e-01
-9.130797185948376360e-02
-7.021093431421127073e-02
-2.850722256736774179e-02
-5.634205738118523710e-02
-5.124752488968831871e-02
-4.213465767350173946e-02
-3.113407184345245299e-02
-3.228937043138775404e-03
-3.707564244487518337e-03
-2.491354622862115842e-02
-3.818723253277991891e-02
-1.825390619528056285e-02
-2.555822368397814293e-02
-2.030220476558438486e-02
7.746918937038606637e-03
1.690189459214294643e-02
-7.071765857255268330e-03
-3.921866781953486925e-02
-9.887995837002096222e-02
-1.101046190711582884e-01
-8.384326047288299943e-02
-6.054290584771654407e-23
1.233606296350549421e-02
-6.054290584771654407e-23
4.092314036236519015e-02
6.233222389824442239e-02
-6.054290584771654407e-23
8.587665308456164659e-02
8.441698513142920079e-02
6.148972127312740676e-02
-6.054290584771654407e-23
8.659749454904701327e-02
8.683696830613185647e-02
1.439882728829097180e-01
1.870047191836031741e-01
1.775776416204248864e-01
1.375329957278432214e-01
6.202920166837097571e-02
-7.831836930349295178e-02
-1.379757487916583591e-01
-9.204446234361696177e-02
-5.426503045127776398e-02
-2.874609341943997962e-02
-5.357456281673735055e-02
-5.394861098473793803e-02
-7.990959094757470182e-02
-7.391244698859714135e-02
-4.337886224396450552e-02
-3.556882385948577363e-02
-5.531147558271311965e-02
-3.640627759977788092e-02
-3.138938444072295053e-02
-5.388821350617305911e-02
-4.642505016718292965e-02
-8.174753253333656017e-03
2.652698834052231026e-04
-1.685869016929752995e-02
-4.037823919362950459e-02
-7.814091299225986442e-02
-9.466903163711777591e-02
-8.776192708541079301e-02
-6.054290584771654407e-23
1.443787464685361219e-02
-6.054290584771654407e-23
6.382330013632515550e-03
2.786309200254079299e-02
-6.054290584771654407e-23
6.825470584892558146e-02
8.355376426079660912e-02
4.407484687253685612e-02
-6.054290584771654407e-23
5.973560286368632954e-02
7.976743369861238886e-02
5.017839946698175735e-02
1.231646173187039145e-01
1.394372365351560783e-01
1.095445743040488751e-01
6.821436318200421733e-02
-6.681348822997887349e-02
-1.214206227570120838e-01
-8.145547600250167830e-02
-5.915939668963954290e-02
-5.662098763142948965e-02
-7.725599914760952758e-02
-9.149589841019417635e-02
-9.780677345795896205e-02
-9.872523342821605541e-02
-5.530719291632392454e-02
-1.389038371924510192e-02
-4.679729190329089128e-02
-5.765604913276040772e-02
-5.412937237154386017e-02
-5.662383075491706635e-02
-4.868975498822959019e-02
-6.474077913260160161e-03
1.355205113188916871e-02
2.073805688397562658e-03
-2.050578152341903798e-02
-6.649375199186639829e-02
-1.183183619665442166e-01
-9.499219564316323250e-02
-6.054290584771654407e-23
4.743510958437242159e-02
-6.054290584771654407e-23
1.820729123707741717e-02
5.023975719314590499e-02
-6.054290584771654407e-23
7.327176566389262402e-02
1.104616962086157478e-01
7.347780048388979912e-02
-6.054290584771654407e-23
1.151380761355348670e-01
9.365785935222872838e-02
9.779174641803387025e-02
1.504836802494866344e-01
1.612969388012953642e-01
1.165204456400426997e-01
8.255675703981164848e-02
-1.415649672842129135e-02
-8.707539939462458078e-02
-3.542898329713148331e-02
-2.018516089704536567e-02
-9.955396732279452390e-03
-2.180983917436119662e-02
-4.255247635520797295e-02
-5.813436926113413339e-02
-3.673716747960344836e-02
7.478736069412948847e-04
1.114794757198460558e-02
-8.762136257556500663e-03
-3.289385177616702127e-02
-1.920937481663913954e-02
-2.298723177878220919e-02
-2.613927443158440764e-02
1.114360530028576934e-02
6.093053712831289839e-03
2.282934570485960473e-03
-1.920782549864503627e-02
-5.774070762483364538e-02
-9.799593874542558702e-02
-6.967109406837626584e-02
-6.054290584771654407e-23
7.181834372766225660e-02
-6.054290584771654407e-23
3.015176743210732160e-02
7.431592707986701962e-02
-6.054290584771654407e-23
9.167474410950911257e-02
8.344948816093530897e-02
1.012335077158455776e-01
-6.054290584771654407e-23
9.868673044202103117e-02
1.041167287469095953e-01
1.290450748481030141e-01
1.580740191437546571e-01
1.714562739919504308e-01
1.240731014317796865e-01
1.013039656607822581e-01
1.641536047288600416e-03
-4.063881163896944371e-02
-3.440271557110455986e-02
-5.923456164497178586e-03
6.545349812158254062e-05
-8.751978760028072263e-03
-1.800142430925035994e-02
-2.654126473009787990e-02
-3.160247738843901394e-02
-1.379095737593567057e-03
9.558663727426150794e-03
2.521907926343079989e-02
1.302734905963746220e-02
1.212693276081833194e-02
-4.676996180426941721e-03
-4.883278766284141620e-03
3.897033975503987752e-02
4.997713825633773310e-02
2.318227046805562686e-02
1.127784262523343767e-02
-3.539774643277940336e-02
-6.311321382500142962e-02
-2.860806593921168955e-02
