-2.730375699418693940e-24
1.123409184857966994e-02
-2.730375699418693940e-24
-1.474768316848195249e-03
1.723912076720114997e-02
-2.730375699418693940e-24
4.238956649414504091e-02
1.758119564037264118e-02
5.191508373408737151e-03
-2.730375699418693940e-24
3.180930682054287223e-02
4.522055542620144475e-02
8.945272599988714213e-02
1.244873700281624723e-01
9.564937483922927863e-02
6.710014258559692142e-03
-3.295563484403223053e-02
-7.161786937468994640e-02
-7.934748836692023799e-02
-8.031226328523533020e-02
-6.823034578261948091e-02
-5.341568282139602664e-02
-7.146930739496337726e-02
-1.046986597929215196e-01
-8.178852071422743064e-02
-6.677532169231598091e-02
-5.115656179790865205e-02
-3.889037878146044125e-02
-4.663851613811711289e-02
-8.816414762832353036e-02
-1.022515390844704192e-01
-8.792460247493859293e-02
-6.341977830321815501e-02
-8.871795048739206102e-02
-7.596588120115871368e-02
-5.574218571304034864e-02
-3.400545987996677483e-02
-8.107709697811184280e-02
-8.500786754282044222e-02
-6.735523728757995821e-02
-2.730375699418693940e-24
1.646992590653355640e-02
-2.730375699418693940e-24
2.538391602317258654e-03
7.962426577378356810e-03
-2.730375699418693940e-24
8.284357064552992297e-03
4.180930786178391895e-02
1.969756147198064092e-02
-2.730375699418693940e-24
3.010039602789590929e-02
6.018630549199649460e-02
1.046050466884841795e-01
1.347204210416996784e-01
1.017012980788682824e-01
5.240539868675647694e-03
-3.236009317352041281e-02
-9.099675072296319056e-02
-1.027831595693489281e-01
-1.063977687569540725e-01
-8.012314353335465988e-02
-8.234204977416163806e-02
-8.476568920930276085e-02
-1.127305185335697041e-01
-1.094845350808207191e-01
-8.926984896674097780e-02
-6.599945151428113221e-02
-4.385300084981656049e-02
-4.433658288882023207e-02
-8.487361142861719887e-02
-1.203031244004289374e-01
-1.201285132036410408e-01
-9.132612333198686372e-02
-9.578929756548090757e-02
-8.420450638924496800e-02
-6.278431305805692864e-02
-5.329075513444982148e-02
-9.432452646759009740e-02
-1.065159523332216696e-01
-1.122063850670842605e-01
-2.730375699418693940e-24
-1.103336066406674981e-03
-2.730375699418693940e-24
2.638873437498709049e-02
3.229233777598290028e-02
-2.730375699418693940e-24
1.306713102208895139e-02
3.429869832813683961e-02
3.303732546117464641e-02
-2.730375699418693940e-24
1.749376929874566639e-02
6.983844221292466459e-02
1.130103295910022676e-01
1.384598726182780237e-01
1.104597993314497123e-01
2.490000794269067383e-02
-1.608083951382678969e-02
-8.225397141374940491e-02
-1.172036797032736111e-01
-9.684971961653560113e-02
-7.119180268650115995e-02
-7.848994121824220960e-02
-9.349763093345583864e-02
-1.006002197625623235e-01
-1.007177267474380494e-01
-8.750231508076275477e-02
-5.933529522504427112e-02
-3.781563326915904355e-02
-4.729739480732356866e-02
-8.788679873110301355e-02
-1.043147413957594416e-01
-1.085825660556142824e-01
-8.289154072715242128e-02
-9.944664087892593485e-02
-7.298951158599635558e-02
-4.630024299066774068e-02
-4.385612353533472479e-02
-8.961571482008108547e-02
-1.015198595997282155e-01
-9.078738094158131378e-02
-2.730375699418693940e-24
-1.046473044492294592e-02
-2.730375699418693940e-24
6.135203485302612864e-03
1.048686919921339514e-02
-2.730375699418693940e-24
2.637990588290946552e-03
3.182167479640604646e-02
4.548987335047989349e-03
-2.730375699418693940e-24
1.321382429547403575e-03
2.670332101523413201e-02
7.789560215112124875e-02
1.371930948750340051e-01
1.001565184703570172e-01
2.262881181570599448e-02
-2.855034329456500666e-02
-7.893879192740149708e-02
-9.777706710635418463e-02
-9.301944099997899729e-02
-7.394390547654219881e-02
-5.921330680403012747e-02
-6.863253747916413239e-02
-1.103906704943527772e-01
-1.028582283108538248e-01
-8.695277874203637125e-02
-6.921061338471676261e-02
-7.425980403331186586e-02
-6.382024812117327583e-02
-9.010266208939131383e-02
-1.052302658210195196e-01
-9.330510697659612218e-02
-7.836333530732876584e-02
-8.209486650256041240e-02
-7.745313711872285622e-02
-6.048652924126795422e-02
-5.569048510687821252e-02
-9.194755943275302601e-02
-1.067944466127478259e-01
-9.731677745529949963e-02
-2.730375699418693940e-24
1.556483127489187088e-02
-2.730375699418693940e-24
6.005207284400563249e-03
4.741725708223449957e-03
-2.730375699418693940e-24
-4.143353862679041710e-03
-1.249648883819928259e-02
2.546857073775568928e-02
-2.730375699418693940e-24
2.116664867163548999e-02
6.347051427292561832e-02
7.591215036314399867e-02
1.066486160157450180e-01
9.880001678916741636e-02
3.437414033290890625e-02
-7.927952063739285814e-04
-7.473898991178848372e-02
-9.388859177403885425e-02
-8.767780581556869346e-02
-7.416747775251722463e-02
-6.892062832717407717e-02
-6.474417696587513038e-02
-8.831873709072089740e-02
-8.612571534538829288e-02
-7.005038323078115192e-02
-5.552127178170037508e-02
-5.840311678297938763e-02
-5.722125682517408690e-02
-8.890486812084459622e-02
-1.012056401536918088e-01
-8.206287843127028914e-02
-6.786329609061059198e-02
-6.897984243910121327e-02
-6.848099500904637760e-02
-5.527846913440513654e-02
-5.282217692405881404e-02
-7.294857600692465638e-02
-9.365104887035519132e-02
-1.034006670920740167e-01
