-9.939397982104236029e-24
-2.266589199728304485e-02
-9.939397982104236029e-24
2.101414258143816018e-03
-3.565355845122222811e-02
-9.939397982104236029e-24
-1.962815747810638459e-02
-7.035284413102428636e-02
-6.679070846653598070e-02
-9.939397982104236029e-24
1.363777424479370969e-02
6.656645388178091330e-03
1.084232780956755904e-01
6.089592075817115008e-02
1.395412105946021164e-01
1.951015736853254634e-01
2.006200073744361656e-02
-4.507878015536377625e-03
6.742428215278561954e-02
-2.344099600173609604e-02
-2.447047318440518163e-02
2.661630740220986488e-02
-3.186562830158171794e-02
-2.485699280377120460e-03
7.995562878574398458e-02
4.703966193033729676e-02
8.762542337325837649e-02
-2.423689038283006331e-02
2.055873931179159203e-02
6.290938554458420928e-02
5.797284488315784801e-02
3.463587769339314219e-03
1.850242728690690286e-02
6.508823445316593015e-02
-6.026500045052034932e-02
-1.140385261343072019e-02
2.439430538859373859e-02
3.882842904482367713e-02
2.198292447828214050e-02
1.374869566018527452e-02
-9.939397982104236029e-24
4.198858020160843238e-03
-9.939397982104236029e-24
-7.237982368331892513e-02
-5.085136504074244668e-02
-9.939397982104236029e-24
-1.309283841849620267e-01
-7.292731008938989345e-02
-6.274359494631152889e-02
-9.939397982104236029e-24
5.533518250582358106e-02
5.061624334228861932e-02
8.343143506252907737e-02
3.023284034634667050e-02
6.666125912873717418e-02
8.612586862103537022e-02
9.348479979087712111e-02
5.047979016759169407e-02
6.701788917830632519e-02
2.783425654313141998e-02
-3.127258666252926561e-02
-2.506959482349756588e-02
-2.016320831532162142e-02
-7.929233134351915124e-02
-8.545685237818584357e-02
-7.273720634815349084e-02
-2.138469708179472836e-02
-4.802522788407828647e-02
-2.185234096075559448e-02
-3.223578594618214943e-02
-8.105657625876944161e-02
-1.173862759262173927e-01
-9.508215422639616776e-02
1.838011951383379181e-02
-1.008421546517011408e-01
-1.023889171625366468e-01
-8.074257181873946421e-02
-8.400041631399610131e-02
-9.856537841536522349e-02
-9.794533562865327669e-02
-9.939397982104236029e-24
4.348920170424475096e-02
-9.939397982104236029e-24
-3.251515028315189737e-02
3.746174914893934602e-03
-9.939397982104236029e-24
-1.001477247766116713e-01
-5.329248174673218569e-03
-5.698090350808070192e-02
-9.939397982104236029e-24
2.407347948416765568e-02
2.619515008601569755e-03
1.913828930756033761e-02
-6.957628980964827847e-02
4.784988625140487034e-02
5.877369747096584940e-02
5.561718299011079308e-02
8.810915233298549643e-02
2.178477798163753684e-02
1.067307183856777177e-02
-6.559074149131924325e-02
-1.029795642772771275e-01
-1.256891321772501957e-01
-1.522914595873985921e-01
-1.394326234406149945e-01
-7.980440764757279482e-02
-3.353085890916172873e-02
-4.755573649231227551e-02
-8.197254516920805811e-02
-6.345213865203687409e-02
-4.535808971798607758e-02
-1.191707996928734331e-01
1.679167600478478559e-02
3.022985919100625377e-02
-1.254037900111625199e-02
-9.206125231175998902e-02
-1.573988741727958551e-01
-1.222303954282990129e-01
-9.355958592809134056e-02
9.894459299691304305e-03
-9.939397982104236029e-24
6.107743398978148636e-02
-9.939397982104236029e-24
5.209557920577903567e-02
-2.469153244737435846e-02
-9.939397982104236029e-24
-2.832102209179907654e-02
6.330542593150622135e-03
-1.155879353314823166e-02
-9.939397982104236029e-24
3.374158781977364130e-02
6.098325136034412827e-03
3.847730779504782150e-02
-1.103522477801930322e-02
2.569870358239267211e-02
2.848164192018548188e-02
6.257605672762972526e-02
5.846482443827400594e-02
5.625760029446621319e-02
5.445101411963065158e-02
9.656838739705075891e-02
6.988732412122239390e-02
9.240843091933090281e-02
5.422583099331453049e-02
2.294185636618682397e-02
2.532515410586450369e-02
9.764491516318241082e-02
1.155176703831577306e-01
5.561769977463822817e-02
1.107761200367222282e-01
1.050877353261812364e-01
4.403242406704833273e-02
5.805079778258129958e-02
9.356277661217300701e-02
5.778513968702481129e-02
1.124621875287343531e-01
1.089893957812122366e-01
1.842087822009211978e-02
2.167913401300598786e-02
1.054274690015083310e-01
-9.939397982104236029e-24
-1.266764447541245987e-02
-9.939397982104236029e-24
-2.996332380594285763e-02
3.870095373270279748e-02
-9.939397982104236029e-24
-5.713269581148320425e-03
-9.067315550264525015e-02
-6.581397384740757250e-02
-9.939397982104236029e-24
8.775012380297047762e-03
2.174105504224426583e-02
-1.360151800150722311e-02
1.389565649198313407e-02
-5.124912258750477338e-04
-9.022567527474217516e-03
-6.026722028283382909e-02
-3.232488060375544783e-03
2.674041472885179196e-02
-2.449572028448800294e-03
-2.733535516631927995e-02
-4.900146667432796893e-02
-7.421633208698322215e-02
-4.121516670102910729e-02
-3.553298950754921887e-02
-9.220425436294722721e-02
-1.157348444347115063e-01
-1.389167631858365948e-01
-1.336935247349144151e-01
-7.642347427728199416e-02
-6.010402462455617656e-02
-8.690305253248339912e-02
-1.601718522576876802e-01
-5.574508173558493512e-02
-7.572628819795784727e-02
-1.454798440682899263e-01
-1.787512191552631247e-01
-2.225288308628913525e-01
-2.364298794714414509e-01
-1.492815754990708954e-01
