0.000000000000000000e+00
4.684865617246274788e-02
0.000000000000000000e+00
9.131015075040859949e-03
8.857253672965284541e-02
0.000000000000000000e+00
6.576384257852900539e-02
3.095992456171214879e-02
6.307728457942639311e-02
0.000000000000000000e+00
8.576365805364427608e-02
3.024910256495981845e-02
9.765550340106012028e-02
1.601800178547497233e-01
1.416121496866871443e-01
7.520783999054822533e-02
-6.265035487027736938e-02
-1.803483675782044660e-01
-1.419621239202319141e-01
-3.808040126783969470e-02
-4.430007606246138402e-02
-8.719208563189316530e-02
-8.459099599538028036e-02
-7.514211356200219127e-02
-2.725207965449911660e-02
1.527044777347352431e-02
1.760042760288220431e-02
1.151969134317620998e-02
3.475286118164128829e-02
3.849352812710415961e-02
3.742269326294936273e-03
-3.224809288268355723e-02
-3.235765308215440145e-02
2.131232115691343229e-02
7.114094744095011968e-02
1.065322026773654757e-01
3.699660562547411186e-02
-5.531817232343172464e-02
-4.450215922506397387e-02
-4.435208843769173487e-02
0.000000000000000000e+00
6.736363161541439326e-02
0.000000000000000000e+00
6.985650275497891359e-02
7.207084558864948476e-02
0.000000000000000000e+00
5.356680632664217317e-02
6.065203776703399080e-02
6.260782187628302631e-02
0.000000000000000000e+00
5.958845933742843576e-02
7.062359321228815767e-02
1.177865277894281082e-01
1.407088219488280834e-01
1.467359158126353702e-01
5.006150057493242295e-02
-6.080392843981931306e-02
-1.906171014556334864e-01
-1.738355567453092332e-01
-8.305661583299538131e-02
-7.472480907647376103e-02
-9.731179563314114322e-02
-1.205473659899555100e-01
-1.144376274771107121e-01
-7.125943198174720938e-02
2.784527384580304417e-03
-6.258558313848915609e-03
-9.299001030749987073e-03
3.026087462295704023e-02
3.421273712728098437e-02
5.546613961764186237e-03
-2.031714712321294053e-02
-2.713077698956580658e-02
3.760004640559221761e-02
9.579612771562615037e-02
1.124190643946573476e-01
5.072431970574216298e-02
-7.492633235908796596e-02
-7.337963173021123942e-02
-3.234370534962344862e-02
0.000000000000000000e+00
6.439533007787667795e-02
0.000000000000000000e+00
8.617097476910556830e-02
4.807019755180744897e-02
0.000000000000000000e+00
2.554164508391838090e-02
3.001406177465095262e-02
5.541686064519708160e-02
0.000000000000000000e+00
8.926935016714301896e-02
7.613024594661753353e-02
8.079503546994598606e-02
1.456423009557067383e-01
1.552890307245709811e-01
6.424710331742457259e-02
-7.764801764322007416e-02
-1.593756784189880038e-01
-1.533558650938677548e-01
-7.406462253205693680e-02
-7.787658709218249486e-02
-5.933763082268390249e-02
-1.284683943470036060e-01
-1.163825104886123118e-01
-8.718466235212900262e-02
-3.479447509283210838e-02
3.207371795419201085e-03
-2.251002403484757622e-02
9.935673796410820005e-03
1.390181663158211560e-02
-7.928136994678825974e-03
-2.723834346182266858e-02
-1.540043775453699658e-02
2.483791940781204105e-02
5.945917239339251759e-02
9.365335218226202019e-02
3.113204851727137401e-02
-6.380723123999385016e-02
-4.061103376105094920e-02
-1.736824842062114141e-02
0.000000000000000000e+00
2.859891481976879063e-02
0.000000000000000000e+00
4.422554354720081154e-02
8.277700600989685784e-03
0.000000000000000000e+00
3.912914093979758846e-03
2.260625810138630967e-02
1.388902346047027683e-02
0.000000000000000000e+00
8.018870562080294973e-02
9.724197798493841582e-02
9.053634359548480559e-02
1.422063305966764224e-01
1.418921888063836290e-01
3.907234348761871867e-02
-8.152596644974681450e-02
-1.514881664692665775e-01
-1.192692394507938458e-01
-5.448691501698644385e-02
-3.666649006519505372e-02
-5.691176281780019330e-02
-1.046106973125580653e-01
-1.049886469236795128e-01
-6.851979354191482796e-02
1.514988847293581402e-02
3.885574268335095088e-02
7.244766519902000497e-03
2.320131039027627587e-02
1.969079514840288078e-02
-2.202496701879186336e-02
-2.740655521220759089e-02
2.655156446284878072e-03
5.300742108494641003e-02
8.073698266280412983e-02
1.159045501134955830e-01
4.302562194922544825e-02
-1.086567346560323583e-02
-2.880617199090394157e-03
-1.050541348971478425e-02
0.000000000000000000e+00
7.045216200731314882e-02
0.000000000000000000e+00
2.251777055770637359e-02
3.741170200963195303e-02
0.000000000000000000e+00
2.406263123690664460e-02
3.413514373163919341e-03
4.308038700514122549e-02
0.000000000000000000e+00
5.376216003780512342e-02
6.094934038924785386e-02
7.104737987039980163e-02
1.166943700673880729e-01
9.980583180665145160e-02
3.411711741615962995e-02
-8.065410075849732685e-02
-1.407127963847543684e-01
-1.209130005873616798e-01
-5.857020476843736306e-02
-2.760773837157512803e-02
-5.343734595566840273e-02
-1.089160704772140220e-01
-1.265227883610977877e-01
-8.620987483791185679e-02
-2.072020134847260900e-02
3.066829945644469063e-02
-1.451455509940301897e-02
-8.682833914448847418e-03
-9.364720018790875095e-03
-2.759633373184822158e-02
-3.487638668010707016e-02
-2.913552333478320461e-02
1.059910063462443479e-02
3.638926143579346295e-02
8.505032104593759912e-02
5.151890388005855165e-02
-5.237695971398847322e-03
-1.966932715710539847e-02
-3.896058177460171024e-02
